Cheung00 <-
structure(list(data = structure(list(`Ajzen & Madden (1986a)` = structure(c(1, 
0.332, 0.51, NA, 0.332, 1, 0.35, NA, 0.51, 0.35, 1, 0.36, NA, 
NA, 0.36, 1), .Dim = c(4L, 4L), .Dimnames = list(c("att", "sn", 
"bi", "beh"), c("att", "sn", "bi", "beh"))), `Ajzen & Madden (1986b)` = structure(c(1, 
0.261, 0.48, NA, 0.261, 1, 0.11, NA, 0.48, 0.11, 1, 0.26, NA, 
NA, 0.26, 1), .Dim = c(4L, 4L), .Dimnames = list(c("att", "sn", 
"bi", "beh"), c("att", "sn", "bi", "beh"))), `Louies (1996)` = structure(c(1, 
0.355, 0.469, 0.308, 0.355, 1, 0.328, 0.105, 0.469, 0.328, 1, 
0.519, 0.308, 0.105, 0.519, 1), .Dim = c(4L, 4L), .Dimnames = list(
    c("att", "sn", "bi", "beh"), c("att", "sn", "bi", "beh"))), 
    `Borgida & Conner (1992)` = structure(c(1, 0.26, 0.39, NA, 
    0.26, 1, 0.12, NA, 0.39, 0.12, 1, NA, NA, NA, NA, 1), .Dim = c(4L, 
    4L), .Dimnames = list(c("att", "sn", "bi", "beh"), c("att", 
    "sn", "bi", "beh"))), `Courneya & Mcauley (1995)` = structure(c(1, 
    0.07, 0.29, 0.01, 0.07, 1, -0.1, 0.11, 0.29, -0.1, 1, 0.46, 
    0.01, 0.11, 0.46, 1), .Dim = c(4L, 4L), .Dimnames = list(
        c("att", "sn", "bi", "beh"), c("att", "sn", "bi", "beh"
        ))), `Courneya, Nigg, & Estabrooks (1998)` = structure(c(1, 
    0.48, 0.49, 0.18, 0.48, 1, 0.51, 0.08, 0.49, 0.51, 1, 0.49, 
    0.18, 0.08, 0.49, 1), .Dim = c(4L, 4L), .Dimnames = list(
        c("att", "sn", "bi", "beh"), c("att", "sn", "bi", "beh"
        ))), `Dzewaltowski & Noble (1990)` = structure(c(1, 0.45, 
    0.43, 0.11, 0.45, 1, 0.24, 0.05, 0.43, 0.24, 1, 0.32, 0.11, 
    0.05, 0.32, 1), .Dim = c(4L, 4L), .Dimnames = list(c("att", 
    "sn", "bi", "beh"), c("att", "sn", "bi", "beh"))), `Fishbein & Stasson (1990)` = structure(c(1, 
    0.6, 0.45, 0.26, 0.6, 1, 0.32, 0.39, 0.45, 0.32, 1, 0.06, 
    0.26, 0.39, 0.06, 1), .Dim = c(4L, 4L), .Dimnames = list(
        c("att", "sn", "bi", "beh"), c("att", "sn", "bi", "beh"
        ))), `Giles & Cairns (1995)` = structure(c(1, 0.12, 0.55, 
    0.39, 0.12, 1, 0.22, 0.31, 0.55, 0.22, 1, 0.75, 0.39, 0.31, 
    0.75, 1), .Dim = c(4L, 4L), .Dimnames = list(c("att", "sn", 
    "bi", "beh"), c("att", "sn", "bi", "beh"))), `Godin, Valois, & Lepage (1993a)` = structure(c(1, 
    0.162, 0.463, 0.348, 0.162, 1, 0.063, 0.064, 0.463, 0.063, 
    1, 0.585, 0.348, 0.064, 0.585, 1), .Dim = c(4L, 4L), .Dimnames = list(
        c("att", "sn", "bi", "beh"), c("att", "sn", "bi", "beh"
        ))), `Godin, Valois, & Lepage (1993b)` = structure(c(1, 
    0.512, 0.536, 0.193, 0.512, 1, 0.307, -0.056, 0.536, 0.307, 
    1, 0.278, 0.193, -0.056, 0.278, 1), .Dim = c(4L, 4L), .Dimnames = list(
        c("att", "sn", "bi", "beh"), c("att", "sn", "bi", "beh"
        ))), `Godin, Valois, Lepage, & Desharnais (1992a)` = structure(c(1, 
    0.303, 0.314, NA, 0.303, 1, 0.145, NA, 0.314, 0.145, 1, 0.38, 
    NA, NA, 0.38, 1), .Dim = c(4L, 4L), .Dimnames = list(c("att", 
    "sn", "bi", "beh"), c("att", "sn", "bi", "beh"))), `Godin, Valois, Lepage, & Desharnais (1992b)` = structure(c(1, 
    0.279, 0.546, NA, 0.279, 1, 0.24, NA, 0.546, 0.24, 1, 0.35, 
    NA, NA, 0.35, 1), .Dim = c(4L, 4L), .Dimnames = list(c("att", 
    "sn", "bi", "beh"), c("att", "sn", "bi", "beh"))), `Godin, Fortin, Michaud, Bradet, & Kok (1997)` = structure(c(1, 
    0.47, 0.65, NA, 0.47, 1, 0.45, NA, 0.65, 0.45, 1, NA, NA, 
    NA, NA, 1), .Dim = c(4L, 4L), .Dimnames = list(c("att", "sn", 
    "bi", "beh"), c("att", "sn", "bi", "beh"))), `Godin, Savard, Kok, Fortin, & Boyer (1996a)` = structure(c(1, 
    0.22, 0.27, 0.25, 0.22, 1, 0.27, 0.06, 0.27, 0.27, 1, 0.16, 
    0.25, 0.06, 0.16, 1), .Dim = c(4L, 4L), .Dimnames = list(
        c("att", "sn", "bi", "beh"), c("att", "sn", "bi", "beh"
        ))), `Godin, Savard, Kok, Fortin, & Boyer (1996b)` = structure(c(1, 
    0.35, 0.56, 0.3, 0.35, 1, 0.61, 0.18, 0.56, 0.61, 1, 0.32, 
    0.3, 0.18, 0.32, 1), .Dim = c(4L, 4L), .Dimnames = list(c("att", 
    "sn", "bi", "beh"), c("att", "sn", "bi", "beh"))), `Granrose & Kaplan (1994)` = structure(c(1, 
    0.2, 0.38, 0.06, 0.2, 1, 0.35, 0.11, 0.38, 0.35, 1, 0.34, 
    0.06, 0.11, 0.34, 1), .Dim = c(4L, 4L), .Dimnames = list(
        c("att", "sn", "bi", "beh"), c("att", "sn", "bi", "beh"
        ))), `Hamid & Cheng (1995)` = structure(c(1, 0.39, 0.42, 
    0.6, 0.39, 1, 0.33, 0.34, 0.42, 0.33, 1, 0.7, 0.6, 0.34, 
    0.7, 1), .Dim = c(4L, 4L), .Dimnames = list(c("att", "sn", 
    "bi", "beh"), c("att", "sn", "bi", "beh"))), `Hillhouse, Adler, Drinnon, & Turrisi (1997)` = structure(c(1, 
    0.55, 0.56, NA, 0.55, 1, 0.42, NA, 0.56, 0.42, 1, NA, NA, 
    NA, NA, 1), .Dim = c(4L, 4L), .Dimnames = list(c("att", "sn", 
    "bi", "beh"), c("att", "sn", "bi", "beh"))), `Kelly & Breinlinger (1995a)` = structure(c(1, 
    0.237, 0.47, NA, 0.237, 1, 0.24, NA, 0.47, 0.24, 1, 0.57, 
    NA, NA, 0.57, 1), .Dim = c(4L, 4L), .Dimnames = list(c("att", 
    "sn", "bi", "beh"), c("att", "sn", "bi", "beh"))), `Kelly & Breinlinger (1995b)` = structure(c(1, 
    NA, 0.19, NA, NA, 1, 0.13, NA, 0.19, 0.13, 1, 0.6, NA, NA, 
    0.6, 1), .Dim = c(4L, 4L), .Dimnames = list(c("att", "sn", 
    "bi", "beh"), c("att", "sn", "bi", "beh"))), `Kimiecik (1992)` = structure(c(1, 
    0.22, 0.77, 0.6, 0.22, 1, 0.17, 0.16, 0.77, 0.17, 1, 0.68, 
    0.6, 0.16, 0.68, 1), .Dim = c(4L, 4L), .Dimnames = list(c("att", 
    "sn", "bi", "beh"), c("att", "sn", "bi", "beh"))), `Mccaul, Sandgren, O'Neill, & Hinsz (1993a)` = structure(c(1, 
    0.2, 0.32, 0.21, 0.2, 1, 0.16, 0.18, 0.32, 0.16, 1, 0.33, 
    0.21, 0.18, 0.33, 1), .Dim = c(4L, 4L), .Dimnames = list(
        c("att", "sn", "bi", "beh"), c("att", "sn", "bi", "beh"
        ))), `Mccaul, Sandgren, O'Neill, & Hinsz (1993b)` = structure(c(1, 
    0.42, 0.65, 0.36, 0.42, 1, 0.31, 0.12, 0.65, 0.31, 1, 0.34, 
    0.36, 0.12, 0.34, 1), .Dim = c(4L, 4L), .Dimnames = list(
        c("att", "sn", "bi", "beh"), c("att", "sn", "bi", "beh"
        ))), `Mccaul, Sandgren, O'Neill, & Hinsz (1993c)` = structure(c(1, 
    0.6, 0.58, 0.12, 0.6, 1, 0.38, 0.15, 0.58, 0.38, 1, 0.3, 
    0.12, 0.15, 0.3, 1), .Dim = c(4L, 4L), .Dimnames = list(c("att", 
    "sn", "bi", "beh"), c("att", "sn", "bi", "beh"))), `Millstein (1996)` = structure(c(1, 
    0.123, 0.273, NA, 0.123, 1, 0.321, NA, 0.273, 0.321, 1, NA, 
    NA, NA, NA, 1), .Dim = c(4L, 4L), .Dimnames = list(c("att", 
    "sn", "bi", "beh"), c("att", "sn", "bi", "beh"))), `Netemeyer & Burton (1990)` = structure(c(1, 
    0.48, 0.47, 0.27, 0.48, 1, 0.36, 0.21, 0.47, 0.36, 1, 0.59, 
    0.27, 0.21, 0.59, 1), .Dim = c(4L, 4L), .Dimnames = list(
        c("att", "sn", "bi", "beh"), c("att", "sn", "bi", "beh"
        ))), `Netemeyer, Burton, & Johnston (1991a)` = structure(c(1, 
    0.355, 0.357, NA, 0.355, 1, 0.275, NA, 0.357, 0.275, 1, 0.411, 
    NA, NA, 0.411, 1), .Dim = c(4L, 4L), .Dimnames = list(c("att", 
    "sn", "bi", "beh"), c("att", "sn", "bi", "beh"))), `Netemeyer, Burton, & Johnston (1991b)` = structure(c(1, 
    0.51, 0.386, NA, 0.51, 1, 0.154, NA, 0.386, 0.154, 1, 0.205, 
    NA, NA, 0.205, 1), .Dim = c(4L, 4L), .Dimnames = list(c("att", 
    "sn", "bi", "beh"), c("att", "sn", "bi", "beh"))), `Netemeyer & Andrews (1993a)` = structure(c(1, 
    0.6, 0.43, NA, 0.6, 1, 0.44, NA, 0.43, 0.44, 1, 0.44, NA, 
    NA, 0.44, 1), .Dim = c(4L, 4L), .Dimnames = list(c("att", 
    "sn", "bi", "beh"), c("att", "sn", "bi", "beh"))), `Norman & Conner (1996)` = structure(c(1, 
    0.533, 0.64, NA, 0.533, 1, 0.56, NA, 0.64, 0.56, 1, 0.16, 
    NA, NA, 0.16, 1), .Dim = c(4L, 4L), .Dimnames = list(c("att", 
    "sn", "bi", "beh"), c("att", "sn", "bi", "beh"))), `Norman & Smith (1995)` = structure(c(1, 
    0.42, 0.56, 0.52, 0.42, 1, 0.3, 0.24, 0.56, 0.3, 1, 0.43, 
    0.52, 0.24, 0.43, 1), .Dim = c(4L, 4L), .Dimnames = list(
        c("att", "sn", "bi", "beh"), c("att", "sn", "bi", "beh"
        ))), `O'Callaghan, Chant, Callan, & Baglioni (1997)` = structure(c(1, 
    0.407, 0.4, 0.408, 0.407, 1, 0.436, 0.383, 0.4, 0.436, 1, 
    0.633, 0.408, 0.383, 0.633, 1),