wvs94b <-
structure(list(data = structure(list(france = structure(c(3.17721409651042, 
1.35509040654152, 1.13171810818074, 1.35509040654152, 3.89814388268264, 
2.37286460132827, 1.13171810818074, 2.37286460132827, 7.03431033820876
), .Dim = c(3L, 3L), .Dimnames = list(c("LS", "JS", "JA"), c("LS", 
"JS", "JA"))), britain = structure(c(3.09061240706056, 1.30576366422612, 
0.629888188886997, 1.30576366422612, 4.21323429252512, 2.03517793291333, 
0.629888188886997, 2.03517793291333, 6.41468868834781), .Dim = c(3L, 
3L), .Dimnames = list(c("LS", "JS", "JA"), c("LS", "JS", "JA"
))), wgermany = structure(c(2.92612240040463, 1.23272886852519, 
1.29105054892743, 1.23272886852519, 3.13220002380173, 2.16108565648151, 
1.29105054892743, 2.16108565648151, 5.57893249233882), .Dim = c(3L, 
3L), .Dimnames = list(c("LS", "JS", "JA"), c("LS", "JS", "JA"
))), italy = structure(c(3.68645534928834, 1.89162418514425, 
1.16063654613944, 1.89162418514425, 4.35700174437402, 2.39869096760126, 
1.16063654613944, 2.39869096760126, 6.81901367679456), .Dim = c(3L, 
3L), .Dimnames = list(c("LS", "JS", "JA"), c("LS", "JS", "JA"
))), nethland = structure(c(1.80664230096933, 0.545526775782616, 
0.592753853488003, 0.545526775782616, 2.80327347846814, 1.50500556173526, 
0.592753853488003, 1.50500556173526, 5.0953228454897), .Dim = c(3L, 
3L), .Dimnames = list(c("LS", "JS", "JA"), c("LS", "JS", "JA"
))), denmark = structure(c(2.44115408825712, 0.734991403526903, 
0.466624075761704, 0.734991403526903, 2.76412311276882, 1.30653472881181, 
0.466624075761704, 1.30653472881181, 5.74485385995735), .Dim = c(3L, 
3L), .Dimnames = list(c("LS", "JS", "JA"), c("LS", "JS", "JA"
))), belgium = structure(c(3.36327745251342, 1.34710656145072, 
1.04531922372935, 1.34710656145072, 3.27824648169024, 2.18160357346328, 
1.04531922372935, 2.18160357346328, 6.62958410608871), .Dim = c(3L, 
3L), .Dimnames = list(c("LS", "JS", "JA"), c("LS", "JS", "JA"
))), spain = structure(c(3.06528235789973, 1.37699327966383, 
0.848045849932966, 1.37699327966383, 4.36642670004596, 2.47712268796503, 
0.848045849932966, 2.47712268796503, 7.83353109929281), .Dim = c(3L, 
3L), .Dimnames = list(c("LS", "JS", "JA"), c("LS", "JS", "JA"
))), ireland = structure(c(3.3366615103361, 1.67930637309065, 
0.675666807293864, 1.67930637309065, 3.99675218139569, 2.20236923344784, 
0.675666807293864, 2.20236923344784, 6.70957805144277), .Dim = c(3L, 
3L), .Dimnames = list(c("LS", "JS", "JA"), c("LS", "JS", "JA"
))), nireland = structure(c(3.22295285359801, 1.37220843672457, 
1.37890818858561, 1.37220843672457, 3.56327543424318, 1.9468982630273, 
1.37890818858561, 1.9468982630273, 6.32638544251447), .Dim = c(3L, 
3L), .Dimnames = list(c("LS", "JS", "JA"), c("LS", "JS", "JA"
))), usa = structure(c(2.86120183283146, 1.26691138787553, 0.891954979788515, 
1.26691138787553, 3.52440540630695, 2.4041432786577, 0.891954979788515, 
2.4041432786577, 5.64730730858222), .Dim = c(3L, 3L), .Dimnames = list(
    c("LS", "JS", "JA"), c("LS", "JS", "JA"))), canada = structure(c(2.5227216845117, 
1.03244517960525, 0.761148490064153, 1.03244517960525, 3.12107513828684, 
1.81696444691281, 0.761148490064153, 1.81696444691281, 5.20599366210382
), .Dim = c(3L, 3L), .Dimnames = list(c("LS", "JS", "JA"), c("LS", 
"JS", "JA"))), japan = structure(c(3.06489103374857, 1.2035524434678, 
0.751770569102244, 1.2035524434678, 5.31382822123458, 4.27336244438635, 
0.751770569102244, 4.27336244438635, 5.80607822771156), .Dim = c(3L, 
3L), .Dimnames = list(c("LS", "JS", "JA"), c("LS", "JS", "JA"
))), mexico = structure(c(4.73853624696497, 2.50926118626431, 
2.04063150364204, 2.50926118626431, 4.3778182448838, 2.9136782431495, 
2.04063150364204, 2.9136782431495, 7.10540886229622), .Dim = c(3L, 
3L), .Dimnames = list(c("LS", "JS", "JA"), c("LS", "JS", "JA"
))), `s africa` = structure(c(5.92616630354632, 2.90076552455567, 
2.55898941100208, 2.90076552455567, 6.1005420801688, 3.84894982995566, 
2.55898941100208, 3.84894982995566, 8.43202359260683), .Dim = c(3L, 
3L), .Dimnames = list(c("LS", "JS", "JA"), c("LS", "JS", "JA"
))), hungary = structure(c(5.436314055221, 1.98665579960319, 
1.88959515090068, 1.98665579960319, 5.37395226066968, 2.48897415503483, 
1.88959515090068, 2.48897415503483, 8.37747895781074), .Dim = c(3L, 
3L), .Dimnames = list(c("LS", "JS", "JA"), c("LS", "JS", "JA"
))), norway = structure(c(2.59376741917503, 0.995819397993311, 
0.465210174788979, 0.995819397993311, 3.11271948160535, 1.47902233635929, 
0.465210174788979, 1.47902233635929, 6.31014343446409), .Dim = c(3L, 
3L), .Dimnames = list(c("LS", "JS", "JA"), c("LS", "JS", "JA"
))), sweden = structure(c(2.98909147663614, 0.865385365744896, 
0.492672839058868, 0.865385365744896, 3.20219786957709, 1.96619305355043, 
0.492672839058868, 1.96619305355043, 4.66222596306598), .Dim = c(3L, 
3L), .Dimnames = list(c("LS", "JS", "JA"), c("LS", "JS", "JA"
))), iceland = structure(c(2.43899239360678, 0.760792773926439, 
0.377575582514924, 0.760792773926439, 3.02683299634123, 1.55522458116696, 
0.377575582514924, 1.55522458116696, 6.20717793183131), .Dim = c(3L, 
3L), .Dimnames = list(c("LS", "JS", "JA"), c("LS", "JS", "JA"
))), argentin = structure(c(3.80967662895698, 1.46519473379111, 
0.544047426956153, 1.46519473379111, 4.7162689519575, 2.08271629285667, 
0.544047426956153, 2.08271629285667, 7.10804333924975), .Dim = c(3L, 
3L), .Dimnames = list(c("LS", "JS", "JA"), c("LS", "JS", "JA"
))), finland = structure(c(3.60746137419922, 1.58514234164278, 
1.33797718422766, 1.58514234164278, 4.02768039647829, 2.76479085542017, 
1.33797718422766, 2.76479085542017, 5.2802868529536), .Dim = c(3L, 
3L), .Dimnames = list(c("LS", "JS", "JA"), c("LS", "JS", "JA"
))), skorea = structure(c(5.85506338967219, 3.37778958554729, 
2.47415677859981, 3.37778958554729, 6.37566418703507, 3.48512221041445, 
2.47415677859981, 3.48512221041445, 6.8411219486881), .Dim = c(3L, 
3L), .Dimnames = list(c("LS", "JS", "JA"), c("LS", "JS", "JA"
))), poland = structure(c(5.48774954305262, 0.811114192987073, 
0.34749218270309, 0.811114192987073, 4.84530642144417, 3.6934043113074, 
0.34749218270309, 3.6934043113074, 8.37879574511463), .Dim = c(3L, 
3L), .Dimnames = list(c("LS", "JS", "JA"), c("LS", "JS", "JA"
))), switz = structure(c(2.95978595119103, 1.3030617585924, 0.955133044445451, 
1.3030617585924, 3.52021837709431, 2.50813944124856, 0.955133044445451, 
2.50813944124856, 5.76959807340973), .Dim = c(3L, 3L), .Dimnames = list(
    c("LS", "JS", "JA"), c("LS", "JS", "JA"))), brazil = structure(c(5.07416077719835, 
2.09568852854225, 1.6434133116787, 2.09568852854225, 5.7168910374346, 
2.54339279898832, 1.6434133116787, 2.54339279898832, 7.59531422481063
), .Dim = c(3L, 3L), .Dimnames = list(c("LS", "JS", "JA"), c("LS", 
"JS", "JA"))), nigeria = structure(c(6.81184746117048, 2.42624543453398, 
1.6868858910191, 2.42624543453398, 5.44711847871089, 1.87728683219171, 
1.6868858910191, 1.87728683219171, 6.71484847366889), .Dim = c(3L, 
3L), .Dimnames = list(c("LS", "JS", "JA"), c("LS", "JS", "JA"
))), chile = structure(c(4.49646790133205, 1.59926320968457, 
0.901526425443259, 1.59926320968457, 5.20637265918741, 2.28374930906926, 
0.901526425443259, 2.28374930906926, 7.60266167779242), .Dim = c(3L, 
3L), .Dimnames = list(c("LS", "JS", "JA"), c("LS", "JS", "JA"
))), byelorus = structure(c(4.9980906411622, 1.89986418474847, 
1.39915034773174, 1.89986418474847, 5.52503395381288, 2.21765945877498, 
1.39915034773174, 2.21765945877498, 6.87402576765412), .Dim = c(3L, 
3L), .Dimnames = list(c("LS", "JS", "JA"), c("LS", "JS", "JA"
))), india = structure(c(5.15859321013348, 2.37720021390922, 
1.36041615310943, 2.37720021390922, 5.47004799487049, 2.36557193101562, 
1.36041615310943, 2.36557193101562, 7.68369454086973), .Dim = c(3L, 
3L), .Dimnames = list(c("LS", "JS", "JA"), c("LS", "JS", "JA"
))), czech = structure(c(4.32494229399936, 1.29368559423488, 
0.757930565010211, 1.29368559423488, 5.13467289500246, 2.24724302246426, 
0.757930565010211, 2.24724302246426, 7.99019741320626), .Dim = c(3L, 
3L), .Dimnames = list(c("LS", "JS", "JA"), c("LS", "JS", "JA"
))), egermany = structure(c(3.42101306461348, 1.35626653628735, 
1.34649025075664, 1.35626653628735, 4.44341804383428, 2.29240158272416, 
1.34649025075664, 2.29240158272416, 5.22578914462369), .Dim = c(3L, 
3L), .Dimnames = list(c("LS", "JS", "JA"), c("LS", "JS", "JA"
))), slovenia = structure(c(4.59923074517652, 1.73548891460021, 
1.16981769286094, 1.73548891460021, 4.60856186872635, 1.96251915319428, 
1.16981769286094, 1.96251915319428, 7.71466587448013), .Dim = c(3L, 
3L), .Dimnames = list(c("LS", "JS", "JA"), c("LS", "JS", "JA"
))), bulgaria = structure(c(4.81002289797043, 2.02401203685052, 
1.79502616617267, 2.02401203685052, 5.34329278570049, 3.44331621809392, 
1.79502616617267, 3.44331621809392, 7.74107821897366), .Dim = c(3L, 
3L), .Dimnames = list(c("LS", "JS", "JA"), c("LS", "JS", "JA"
))), romania = structure(c(5.23064099358173, 1.98407935317163, 
1.23230807701925, 1.98407935317163, 5.25536512333212, 2.83731189207558, 
1.23230807701925, 2.83731189207558, 7.92060194535813), .Dim = c(3L, 
3L), .Dimnames = list(c("LS", "JS", "JA"), c("LS", "JS", "JA"
))), china = structure(c(4.27515395009028, 2.2485382214729, 1.69513577501166, 
2.2485382214729, 5.81701761308606, 2.61254797862037, 1.69513577501166, 
2.61254797862037, 6.90349750690533), .Dim = c(3L, 3L), .Dimnames = list(
    c("LS", "JS", "JA"), c("LS", "JS", "JA"))), portugal = structure(c(3.93257047830219, 
1.38432319712808, 0.765484109386548, 1.38432319712808, 5.12963520219618, 
2.11123429416112, 0.765484109386548, 2.11123429416112, 7.10362158167036
), .Dim = c(3L, 3L), .Dimnames = list(c("LS", "JS", "JA"), c("LS", 
"JS", "JA"))), austria = structure(c(10.7474895228885, 3.95982833655706, 
1.58324871050935, 3.95982833655706, 11.783498549323, 2.49802345261122, 
1.58324871050935, 2.49802345261122, 8.92679319793682), .Dim = c(3L, 
3L), .Dimnames = list(c("LS", "JS", "JA"), c("LS", "JS", "JA"
))), turkey = structure(c(5.37450364447345, 1.88139822671889, 
1.64820632071366, 1.88139822671889, 6.04535873585727, 2.67084829199304, 
1.64820632071366, 2.67084829199304, 11.0261028611836), .Dim = c(3L, 
3L), .Dimnames = list(c("LS", "JS", "JA"), c("LS", "JS", "JA"
))), lithuan = structure(c(5.30689057079786, 1.0152896037002, 
0.945716388100494, 1.0152896037002, 5.19509968814605, 1.99023091208522, 
0.945716388100494, 1.99023091208522, 8.63236973965451), .Dim = c(3L, 
3L), .Dimnames = list(c("LS", "JS", "JA"), c("LS", "JS", "JA"
))), latvia = structure(c(5.61633970193171, 2.12115374454889, 
1.86858821951547, 2.12115374454889, 5.87786475161653, 2.87258739041906, 
1.86858821951547, 2.87258739041906, 7.85727349208091), .Dim = c(3L, 
3L), .Dimnames = list(c("LS", "JS", "JA"), c("LS", "JS", "JA"
))), estonia = structure(c(4.38611575152059, 1.54032533749573, 
1.1951250975561, 1.54032533749573, 5.44152600313469, 2.89597456123943, 
1.1951250975561, 2.89597456123943, 6.69278052619018), .Dim = c(3L, 
3L), .Dimnames = list(c("LS", "JS", "JA"), c("LS", "JS", "JA"
))), russia = structure(c(5.23276394858554, 1.73875276775385, 
1.23862124358022, 1.73875276775385, 6.13228714153278, 2.86923113266575, 
1.23862124358022, 2.86923113266575, 8.18137758164076), .Dim = c(3L, 
3L), .Dimnames = list(c("LS", "JS", "JA"), c("LS", "JS", "JA"
)))), .Names = c("france", "britain", "wgermany", "italy", "nethland", 
"denmark", "belgium", "spain", "ireland", "nireland", "usa", 
"canada", "japan", "mexico", "s africa", "hungary", "norway", 
"sweden", "iceland", "argentin", "finland", "skorea", "poland", 
"switz", "brazil", "nigeria", "chile", "byelorus", "india", "czech", 
"egermany", "slovenia", "bulgaria", "romania", "china", "portugal", 
"austria", "turkey", "lithuan", "latvia", "estonia", "russia"
)), n = structure(c(457L, 840L, 1160L, 1032L, 435L, 653L, 1285L, 
1944L, 547L, 156L, 1149L, 1079L, 922L, 961L, 1468L, 677L, 897L, 
1038L, 577L, 579L, 419L, 942L, 919L, 892L, 973L, 699L, 812L, 
898L, 1219L, 1131L, 962L, 566L, 698L, 559L, 915L, 616L, 705L, 
384L, 756L, 702L, 788L, 1252L), .Names = c("france", "britain", 
"wgermany", "italy", "nethland", "denmark", "belgium", "spain", 
"ireland", "nireland", "usa", "canada", "japan", "mexico", "s africa", 
"hungary", "norway", "sweden", "iceland", "argentin", "finland", 
"skorea", "poland", "switz", "brazil", "nigeria", "chile", "byelorus", 
"india", "czech", "egermany", "slovenia", "bulgaria", "romania", 
"china", "portugal", "austria", "turkey", "lithuan", "latvia", 
"estonia", "russia"))), .Names = c("data", "n"))
