wvs94b <-
structure(list(data = structure(list(france = structure(c(3.17721409651042, 
1.35509040654152, 1.13171810818074, 1.35509040654152, 3.89814388268264, 
2.37286460132827, 1.13171810818074, 2.37286460132827, 7.03431033820876
), .Dim = c(3L, 3L), .Dimnames = list(c("LS", "JS", "JA"), c("LS", 
"JS", "JA"))), britain = structure(c(3.09061240706056, 1.30576366422612, 
0.629888188886997, 1.30576366422612, 4.21323429252512, 2.03517793291333, 
0.629888188886997, 2.03517793291333, 6.41468868834781), .Dim = c(3L, 
3L), .Dimnames = list(c("LS", "JS", "JA"), c("LS", "JS", "JA"
))), wgermany = structure(c(2.92612240040463, 1.23272886852519, 
1.29105054892743, 1.23272886852519, 3.13220002380173, 2.16108565648151, 
1.29105054892743, 2.16108565648151, 5.57893249233882), .Dim = c(3L, 
3L), .Dimnames = list(c("LS", "JS", "JA"), c("LS", "JS", "JA"
))), italy = structure(c(3.68645534928834, 1.89162418514425, 
1.16063654613944, 1.89162418514425, 4.35700174437402, 2.39869096760126, 
1.16063654613944, 2.39869096760126, 6.81901367679456), .Dim = c(3L, 
3L), .Dimnames = list(c("LS", "JS", "JA"), c("LS", "JS", "JA"
))), nethland = structure(c(1.80664230096933, 0.545526775782616, 
0.592753853488003, 0.545526775782616, 2.80327347846814, 1.50500556173526, 
0.592753853488003, 1.50500556173526, 5.0953228454897), .Dim = c(3L, 
3L), .Dimnames = list(c("LS", "JS", "JA"), c("LS", "JS", "JA"
))), denmark = structure(c(2.44115408825712, 0.734991403526903, 
0.466624075761704, 0.734991403526903, 2.76412311276882, 1.30653472881181, 
0.466624075761704, 1.30653472881181, 5.74485385995735), .Dim = c(3L, 
3L), .Dimnames = list(c("LS", "JS", "JA"), c("LS", "JS", "JA"
))), belgium = structure(c(3.36327745251342, 1.34710656145072, 
1.04531922372935, 1.34710656145072, 3.27824648169024, 2.18160357346328, 
1.04531922372935, 2.18160357346328, 6.62958410608871), .Dim = c(3L, 
3L), .Dimnames = list(c("LS", "JS", "JA"), c("LS", "JS", "JA"
))), spain = structure(c(3.06528235789973, 1.37699327966383, 
0.848045849932966, 1.37699327966383, 4.36642670004596, 2.47712268796503, 
0.848045849932966, 2.47712268796503, 7.83353109929281), .Dim = c(3L, 
3L), .Dimnames = list(c("LS", "JS", "JA"), c("LS", "JS", "JA"
))), ireland = structure(c(3.3366615103361, 1.67930637309065, 
0.675666807293864, 1.67930637309065, 3.99675218139569, 2.20236923344784, 
0.675666807293864, 2.20236923344784, 6.70957805144277), .Dim = c(3L, 
3L), .Dimnames = list(c("LS", "JS", "JA"), c("LS", "JS", "JA"
))), nireland = structure(c(3.22295285359801, 1.37220843672457, 
1.37890818858561, 1.37220843672457, 3.56327543424318, 1.9468982630273, 
1.37890818858561, 1.9468982630273, 6.32638544251447), .Dim = c(3L, 
3L), .Dimnames = list(c("LS", "JS", "JA"), c("LS", "JS", "JA"
))), usa = structure(c(2.86120183283146, 1.26691138787553, 0.891954979788515, 
1.26691138787553, 3.52440540630695, 2.4041432786577, 0.891954979788515, 
2.4041432786577, 5.64730730858222), .Dim = c(3L, 3L), .Dimnames = list(
    c("LS", "JS", "JA"), c("LS", "JS", "JA"))), canada = structure(c(2.5227216845117, 
1.03244517960525, 0.761148490064153, 1.03244517960525, 3.12107513828684, 
1.81696444691281, 0.761148490064153, 1.81696444691281, 5.20599366210382
), .Dim = c(3L, 3L), .Dimnames = list(c("LS", "JS", "JA"), c("LS", 
"JS", "JA"))), japan = structure(c(3.06489103374857, 1.2035524434678, 
0.751770569102244, 1.2035524434678, 5.31382822123458, 4.27336244438635, 
0.751770569102244, 4.27336244438635, 5.80607822771156), .Dim = c(3L, 
3L), .Dimnames = list(c("LS", "JS", "JA"), c("LS", "JS", "JA"
))), mexico = structure(c(4.73853624696497, 2.50926118626431, 
2.04063150364204, 2.50926118626431, 4.3778182448838, 2.9136782431495, 
2.04063150364204, 2.9136782431495, 7.10540886229622), .Dim = c(3L, 
3L), .Dimnames = list(c("LS", "JS", "JA"), c("LS", "JS", "JA"
))), `s africa` = structure(c(5.92616630354632, 2.90076552455567, 
2.55898941100208, 2.90076552455567, 6.1005420801688, 3.84894982995566, 
2.55898941100208, 3.84894982995566, 8.43202359260683), .Dim = c(3L, 
3L), .Dimnames = list(c("LS", "JS", "JA"), c("LS", "JS", "JA"
))), hungary = structure(c(5.436314055221, 1.98665579960319, 
1.88959515090068, 1.98665579960319, 5.37395226066968, 2.48897415503483, 
1.88959515090068, 2.48897415503483, 8.37747895781074), .Dim = c(3L, 
3L), .Dimnames = list(c("LS", "JS", "JA"), c("LS", "JS", "JA"
))), norway = structure(c(2.59376741917503, 0.995819397993311, 
0.465210174788979, 0.995819397993311, 3.11271948160535, 1.47902233635929, 
0.465210174788979, 1.47902233635929, 6.31014343446409), .Dim = c(3L, 
3L), .Dimnames = list(c("LS", "JS", "JA"), c("LS", "JS", "JA"
))), sweden = structure(c(2.98909147663614, 0.865385365744896, 
0.492672839058868, 0.865385365744896, 3.20219786957709, 1.96619305355043, 
0.492672839058868, 1.96619305355043, 4.66222596306598), .Dim = c(3L, 
3L), .Dimnames = list(c("LS", "JS", "JA"), c("LS", "JS", "JA"
))), iceland = structure(c(2.43899239360678, 0.760792773926439, 
0.377575582514924, 0.760792773926439, 3.02683299634123, 1.55522458116696, 
0.377575582514924, 1.55522458116696, 6.20717793183131), .Dim = c(3L, 
3L), .Dimnames = list(c("LS", "JS", "JA"), c("LS", "JS", "JA"
))), argentin = structure(c(3.80967662895698, 1.46519473379111, 
0.544047426956153, 1.46519473379111, 4.7162689519575, 2.08271629285667, 
0.544047426956153, 2.08271629285667, 7.10804333924975), .Dim = c(3L, 
3L), .Dimnames = list(c("LS", "JS", "JA"), c("LS", "JS", "JA"
))), finland = structure(c(3.60746137419922, 1.58514234164278, 
1.33797718422766, 1.58514234164278, 4.02768039647829, 2.76479085542017, 
1.33797718422766, 2.76479085542017, 5.2802868529536), .Dim = c(3L, 
3L), .Dimnames = list(c("LS", "JS", "JA"), c("LS", "JS", "JA"
))), skorea = structure(c(5.85506338967219, 3.37778958554729, 
2.47415677859981, 3.37778958554729, 6.37566418703507, 3.48512221041445, 
2.47415677859981, 3.48512221041445, 6.8411219486881), .Dim = c(3L, 
3L), .Dimnames = list(c("LS", "JS", "JA"), c("LS", "JS", "JA"
))), poland = structure(c(5.48774954305262, 0.811114192987073, 
0.34749218270309, 0.811114192987073, 4.84530642144417, 3.6934043113074, 
0.34749218270309, 3.6934043113074, 8.37879574511463), .Dim = c(3L, 
3L), .Dimnames = list(c("LS", "JS", "JA"), c("LS", "JS", "JA"
))), switz = structure(c(2.95978595119103, 1.3030617585924, 0.955133044445451, 
1.3030617585924, 3.52021837709431, 2.50813944124856, 0.955133044445451, 
2.50813944124856, 5.76959807340973), .Dim = c(3L, 3L), .Dimnames = list(
    c("LS", "JS", "JA"), c("LS", "JS", "JA"))), brazil = structure(c(5.07416077719835, 
2.09568852854225, 1.6434133116787, 2.09568852854225, 5.7168910374346, 
2.54339279898832, 1.6434133116787, 2.54339279898832, 7.59531422481063
), .Dim = c(3L, 3L), .Dimnames = list(c("LS", "JS", "JA"), c("LS", 
"JS", "JA"))), nigeria = structure(c(6.81184746117048, 2.42624543453398, 
1.6868858910191, 2.42624543453398, 5.44711847871089, 1.87728683219171, 
1.6868858910191, 1.87728683219171, 6.71484847366889), .Dim = c(3L, 
3L), .Dimnames = list(c("LS", "JS", "JA"), c("LS", "JS", "JA"
))), chile = structure(c(4.49646790133205, 1.59926320968457, 
0.901526425443259, 1.59926320968457, 5.20637265918741, 2.28374930906926, 
0.901526425443259, 2.28374930906926, 7.60266167779242), .Dim = c(3L, 
3L), .Dimnames = list(c("LS", "JS", "JA"), c("LS", "JS", "JA"
))), byelorus = structure(c(4.9980906411622, 1.89986418474847, 
1.39915034773174, 1.89986418474847, 5.52503395381288, 2.21765945877498, 
1.39915034773174, 2.21765945877498, 6.87402576765412), .Dim = c(3L, 
3L), .Dimnames = list(c("LS", "JS", "JA"), c("LS", "JS", "JA"
))), india = structure(c(5.15859321013348, 2.37720021390922, 
1.36041615310943, 2.37720021390922, 5.47004799487049, 2.36557193101562, 
1.36041615310943, 2.36557193101562, 7.68369454086973), .Dim = c(3L, 
3L), .Dimnames = list(c("LS", "JS", "JA"), c("LS", "JS", "JA"
))),