Chan17 <-
structure(list(Author = c("Ecker Lewandosky Swire Chang (2011)", 
"Ecker Lewandosky Swire Chang (2011)", "Ecker Lewandosky Swire Chang (2011)", 
"Ecker Lewandosky Swire Chang (2011)", "Ecker Lewandosky Swire Chang (2011)", 
"Ecker Lewandosky Swire Chang (2011)", "Ecker Lewandosky Swire Chang (2011)", 
"Ecker Lewandosky Swire Chang (2011)", "Ecker Lewandowsky Tang (2010)", 
"Ecker Lewandowsky Tang (2010)", "Ecker Lewandowsky Tang (2010)", 
"Ecker Lewandowsky Tang (2010)", "Ecker Lewandowsky Tang (2010)", 
"Ecker, Lewandowsky, Apai (2010)", "Ecker, Lewandowsky, Apai (2010)", 
"Ecker, Lewandowsky, Apai (2010)", "Ecker, Lewandowsky, Apai (2010)", 
"Ecker, Lewandowsky, Apai (2010)", "Ecker, Lewandowsky, Apai (2010)", 
"Ecker, Lewandowsky, Apai (2010)", "Ecker, Lewandowsky, Apai (2010)", 
"Ecker, Lewandowsky, Apai (2010)", "Ecker, Lewandowsky, Apai (2010)", 
"Ecker, Lewandowsky, Apai (2010)", "Ecker, Lewandowsky, Apai (2010)", 
"Ecker, Lewandowsky, Fenton, & Martin (2014)", "Ecker, Lewandowsky, Fenton, & Martin (2014)", 
"Ecker, Lewandowsky, Fenton, & Martin (2014)", "Ecker, Lewandowsky, Fenton, & Martin (2014)", 
"Johnson Seifert (1994)", "Johnson Seifert (1994)", "Thorson (2013)", 
"Thorson (2013)", "Thorson (2013)"), g_misinfo = c(1.55, 1.55, 
1.1990000000000001, 1.1990000000000001, NA, NA, NA, NA, NA, NA, 
NA, NA, 3.3119999999999998, 8.9100000000000001, 9.8900000000000006, 
NA, NA, NA, NA, 2.4940000000000002, 1.339, NA, NA, NA, NA, 2.2799999999999998, 
1.677, NA, NA, 2.738, 0.96299999999999997, 5.7084999999999999, 
4.6144999999999996, 3.976), g_debunk = c(0.71699999999999997, 
1.1699999999999999, 0.76100000000000001, 0.79000000000000004, 
0.33400000000000002, 0.28499999999999998, 0.46200000000000002, 
0.35399999999999998, 0.42199999999999999, 0.73799999999999999, 
1.1890000000000001, 1.23, 2.3399999999999999, NA, NA, -1.3100000000000001, 
4.5499999999999998, -0.72999999999999998, 4.7400000000000002, 
NA, NA, 0.87260000000000004, 1.028, 0.97699999999999998, 0.88200000000000001, 
0.64500000000000002, 0.93300000000000005, 0.68999999999999995, 
0.72999999999999998, 0.53600000000000003, -0.105, 2.8845000000000001, 
3.4039999999999999, 3.9714999999999998), v_misinfo = c(0.10436594202898551, 
0.10436594202898551, 0.097373920289855073, 0.097373920289855073, 
NA, NA, NA, NA, NA, NA, NA, NA, 0.12483339130434781, 2.2847025000000003, 
2.7453025000000002, NA, NA, NA, NA, 0.28468806250000001, 0.215514390625, 
NA, NA, NA, NA, 0.11943333333333332, 0.10286339583333333, NA, 
NA, 0.16247203333333332, 0.079798574074074063, 0.14199672691082804, 
0.069361688020833326, 0.059420034188034189), c_mis_deb = c(0.051531521739130434, 
0.056619565217391303, 0.05009013768115942, 0.05034210144927536, 
NA, NA, NA, NA, NA, NA, NA, NA, 0.07472869565217391, NA, NA, 
NA, NA, NA, NA, NA, NA, NA, NA, NA, NA, 0.051879166666666664, 
0.052532229166666666, NA, NA, 0.062229733333333336, 0.036412870370370366, 
0.071548306528662411, 0.045224495833333336, 0.046561290598290589
), v_debunk = c(0.090681804347826078, 0.096876086956521737, 0.091153050724637683, 
0.091478985507246369, 0.13164734782608695, 0.13131766304347825, 
0.13275482608695652, 0.13179691304347826, 0.12178084, 0.12544643999999999, 
0.13413721000000001, 0.135129, 0.094976086956521738, NA, NA, 
0.22860166666666668, 0.54504166666666665, 0.20888166666666669, 
0.57445999999999997, NA, NA, 0.13293157041666667, 0.102006125, 
0.13494301041666668, 0.099827531250000004, 0.086222395833333326, 
0.089378395833333332, 0.124761, 0.125329, 0.10239413333333335, 
0.074142129629629627, 0.064714459394904458, 0.049140033333333333, 
0.059343615918803411), PublicationYear = c(2011L, 2011L, 2011L, 
2011L, 2011L, 2011L, 2011L, 2011L, 2010L, 2010L, 2010L, 2010L, 
2010L, 2010L, 2010L, 2010L, 2010L, 2010L, 2010L, 2010L, 2010L, 
2010L, 2010L, 2010L, 2010L, 2014L, 2014L, 2014L, 2014L, 1994L, 
1994L, 2013L, 2013L, 2013L), Published = c(1, 1, 1, 1, 1, 1, 
1, 1, 1, 1, 1, 1, 1, 1, 1, 1, 1, 1, 1, 1, 1, 1, 1, 1, 1, 1, 1, 
1, 1, 1, 1, 0, 0, 0), MeanAge = c(NA, NA, NA, NA, NA, NA, NA, 
NA, 19.100000000000001, 19.100000000000001, 19.100000000000001, 
19.100000000000001, 19.899999999999999, NA, NA, NA, NA, NA, NA, 
21.399999999999999, 21.399999999999999, 21.399999999999999, 21.399999999999999, 
21.399999999999999, 21.399999999999999, 19, 19, 19, 19, NA, NA, 
NA, NA, NA), PctFemale = c(67L, 67L, 67L, 67L, 69L, 69L, 69L, 
69L, 76L, 76L, 76L, 76L, 72L, NA, NA, NA, NA, NA, NA, 85L, 85L, 
85L, 85L, 85L, 85L, 67L, 67L, 69L, 69L, NA, NA, NA, NA, NA)), row.names = c(NA, 
34L), class = "data.frame")
