Cooke16 <-
structure(list(data = structure(list(`Ajzen and Sheikh (2013)` = structure(c(1, 
0.27, 0.26, 0.51, NA, 0.27, 1, 0.4, 0.68, NA, 0.26, 0.4, 1, 0.48, 
NA, 0.51, 0.68, 0.48, 1, NA, NA, NA, NA, NA, NA), .Dim = c(5L, 
5L), .Dimnames = list(c("SN", "ATT", "PBC", "BI", "BEH"), c("SN", 
"ATT", "PBC", "BI", "BEH"))), `Armitage, Norman, and Conner (2002)` = structure(c(1, 
0.44, 0.24, 0.47, NA, 0.44, 1, 0.51, 0.61, NA, 0.24, 0.51, 1, 
0.53, NA, 0.47, 0.61, 0.53, 1, NA, NA, NA, NA, NA, NA), .Dim = c(5L, 
5L), .Dimnames = list(c("SN", "ATT", "PBC", "BI", "BEH"), c("SN", 
"ATT", "PBC", "BI", "BEH"))), `Conner, Warren, Close, and Sparks (1999a) 1` = structure(c(1, 
0.16, -0.13, 0.34, 0.17, 0.16, 1, -0.19, 0.39, 0.36, -0.13, -0.19, 
1, 0.44, -0.59, 0.34, 0.39, 0.44, 1, 0.48, 0.17, 0.36, -0.59, 
0.48, 1), .Dim = c(5L, 5L), .Dimnames = list(c("SN", "ATT", "PBC", 
"BI", "BEH"), c("SN", "ATT", "PBC", "BI", "BEH"))), `Conner, Warren, Close, and Sparks (1999a) 2` = structure(c(1, 
0.09, -0.13, 0.23, 0.03, 0.09, 1, -0.13, 0.39, 0.13, -0.13, -0.13, 
1, -0.35, -0.62, 0.23, 0.39, -0.35, 1, 0.35, 0.03, 0.13, -0.62, 
0.35, 1), .Dim = c(5L, 5L), .Dimnames = list(c("SN", "ATT", "PBC", 
"BI", "BEH"), c("SN", "ATT", "PBC", "BI", "BEH"))), `Conner, Warren, Close, and Sparks (1999a) 3` = structure(c(1, 
0.33, -0.31, 0.51, 0.29, 0.33, 1, 0.03, 0.48, 0.2, -0.31, 0.03, 
1, -0.24, -0.21, 0.51, 0.48, -0.24, 1, 0.35, 0.29, 0.2, -0.21, 
0.35, 1), .Dim = c(5L, 5L), .Dimnames = list(c("SN", "ATT", "PBC", 
"BI", "BEH"), c("SN", "ATT", "PBC", "BI", "BEH"))), `Conner, Warren, Close, and Sparks (1999b) 1` = structure(c(1, 
0.48, 0.37, 0.515, NA, 0.48, 1, 0.52, 0.52, NA, 0.37, 0.52, 1, 
0.4, NA, 0.515, 0.52, 0.4, 1, NA, NA, NA, NA, NA, NA), .Dim = c(5L, 
5L), .Dimnames = list(c("SN", "ATT", "PBC", "BI", "BEH"), c("SN", 
"ATT", "PBC", "BI", "BEH"))), `Conner, Warren, Close, and Sparks (1999b) 2` = structure(c(1, 
0.51, 0.445, 0.545, NA, 0.51, 1, 0.69, 0.62, NA, 0.445, 0.69, 
1, 0.48, NA, 0.545, 0.62, 0.48, 1, NA, NA, NA, NA, NA, NA), .Dim = c(5L, 
5L), .Dimnames = list(c("SN", "ATT", "PBC", "BI", "BEH"), c("SN", 
"ATT", "PBC", "BI", "BEH"))), `Conner, Warren, Close, and Sparks (1999c)` = structure(c(1, 
0.1725, 0.1375, 0.2025, -0.1425, 0.1725, 1, 0.23, 0.58, -0.2, 
0.1375, 0.23, 1, 0.34, -0.44, 0.2025, 0.58, 0.34, 1, -0.43, -0.1425, 
-0.2, -0.44, -0.43, 1), .Dim = c(5L, 5L), .Dimnames = list(c("SN", 
"ATT", "PBC", "BI", "BEH"), c("SN", "ATT", "PBC", "BI", "BEH"
))), `Cooke and French (2011a)` = structure(c(1, 0.5475, 0.43, 
0.49, 0.39, 0.5475, 1, 0.625, 0.775, 0.56, 0.43, 0.625, 1, 0.71, 
0.54, 0.49, 0.775, 0.71, 1, 0.7, 0.39, 0.56, 0.54, 0.7, 1), .Dim = c(5L, 
5L), .Dimnames = list(c("SN", "ATT", "PBC", "BI", "BEH"), c("SN", 
"ATT", "PBC", "BI", "BEH"))), `Cooke and French (2011b)` = structure(c(1, 
0.53, 0.25, 0.48, NA, 0.53, 1, 0.58, 0.67, NA, 0.25, 0.58, 1, 
0.64, NA, 0.48, 0.67, 0.64, 1, NA, NA, NA, NA, NA, NA), .Dim = c(5L, 
5L), .Dimnames = list(c("SN", "ATT", "PBC", "BI", "BEH"), c("SN", 
"ATT", "PBC", "BI", "BEH"))), `Cooke, Sniehotta and Schuez (2007)` = structure(c(1, 
0.66, 0.41, 0.47, 0.33, 0.66, 1, 0.56, 0.72, 0.43, 0.41, 0.56, 
1, 0.56, 0.29, 0.47, 0.72, 0.56, 1, 0.56, 0.33, 0.43, 0.29, 0.56, 
1), .Dim = c(5L, 5L), .Dimnames = list(c("SN", "ATT", "PBC", 
"BI", "BEH"), c("SN", "ATT", "PBC", "BI", "BEH"))), `Elliot and Ainsworth (2012) 1` = structure(c(1, 
0.64, 0.08, NA, NA, 0.64, 1, 0.05, NA, NA, 0.08, 0.05, 1, NA, 
NA, NA, NA, NA, NA, NA, NA, NA, NA, NA, NA), .Dim = c(5L, 5L), .Dimnames = list(
    c("SN", "ATT", "PBC", "BI", "BEH"), c("SN", "ATT", "PBC", 
    "BI", "BEH"))), `Elliot and Ainsworth (2012) 2` = structure(c(1, 
0.48, 0.06, NA, NA, 0.48, 1, 0.05, NA, NA, 0.06, 0.05, 1, NA, 
NA, NA, NA, NA, NA, NA, NA, NA, NA, NA, NA), .Dim = c(5L, 5L), .Dimnames = list(
    c("SN", "ATT", "PBC", "BI", "BEH"), c("SN", "ATT", "PBC", 
    "BI", "BEH"))), `Elliot and Ainsworth (2012) 3` = structure(c(1, 
0.65, 0.01, NA, NA, 0.65, 1, 0.03, NA, NA, 0.01, 0.03, 1, NA, 
NA, NA, NA, NA, NA, NA, NA, NA, NA, NA, NA), .Dim = c(5L, 5L), .Dimnames = list(
    c("SN", "ATT", "PBC", "BI", "BEH"), c("SN", "ATT", "PBC", 
    "BI", "BEH"))), `Elliot and Ainsworth (2012) 4` = structure(c(1, 
0.54, 0.05, NA, NA, 0.54, 1, -0.12, NA, NA, 0.05, -0.12, 1, NA, 
NA, NA, NA, NA, NA, NA, NA, NA, NA, NA, NA), .Dim = c(5L, 5L), .Dimnames = list(
    c("SN", "ATT", "PBC", "BI", "BEH"), c("SN", "ATT", "PBC", 
    "BI", "BEH"))), `Gagnon, et al. (2012)` = structure(c(1, 
0.44, 0.47, 0.45, -0.25, 0.44, 1, 0.5, 0.74, -0.33, 0.47, 0.5, 
1, 0.65, -0.36, 0.45, 0.74, 0.65, 1, -0.41, -0.25, -0.33, -0.36, 
-0.41, 1), .Dim = c(5L, 5L), .Dimnames = list(c("SN", "ATT", 
"PBC", "BI", "BEH"), c("SN", "ATT", "PBC", "BI", "BEH"))), `Gardner, de Bruijn, and Lally (2012)` = structure(c(1, 
0.47, 0.24, 0.27, 0.24, 0.47, 1, 0.11, 0.33, 0.29, 0.24, 0.11, 
1, 0.19, 0.19, 0.27, 0.33, 0.19, 1, 0.93, 0.24, 0.29, 0.19, 0.93, 
1), .Dim = c(5L, 5L), .Dimnames = list(c("SN", "ATT", "PBC", 
"BI", "BEH"), c("SN", "ATT", "PBC", "BI", "BEH"))), `Glassman, et al. (2010a)` = structure(c(1, 
0.69, 0.66, 0.72, 0.58, 0.69, 1, 0.72, 0.75, 0.58, 0.66, 0.72, 
1, 0.74, 0.59, 0.72, 0.75, 0.74, 1, 0.69, 0.58, 0.58, 0.59, 0.69, 
1), .Dim = c(5L, 5L), .Dimnames = list(c("SN", "ATT", "PBC", 
"BI", "BEH"), c("SN", "ATT", "PBC", "BI", "BEH"))), `Glassman, et al. (2010b)` = structure(c(1, 
0.32, 0.27, 0.54, -0.14, 0.32, 1, 0.21, 0.36, -0.04, 0.27, 0.21, 
1, 0.51, 0.29, 0.54, 0.36, 0.51, 1, 0.21, -0.14, -0.04, 0.29, 
0.21, 1), .Dim = c(5L, 5L), .Dimnames = list(c("SN", "ATT", "PBC", 
"BI", "BEH"), c("SN", "ATT", "PBC", "BI", "BEH"))), `Glassman, et al. (2010c)` = structure(c(1, 
0.6, 0.12, 0.44, 0.21, 0.6, 1, 0.235, 0.82, 0.51, 0.12, 0.235, 
1, 0.33, 0.16, 0.44, 0.82, 0.33, 1, 0.59, 0.21, 0.51, 0.16, 0.59, 
1), .Dim = c(5L, 5L), .Dimnames = list(c("SN", "ATT", "PBC", 
"BI", "BEH"), c("SN", "ATT", "PBC", "BI", "BEH"))), `Glassman, et al. (2010d)` = structure(c(1, 
0.5, 0.075, 0.42, 0.21, 0.5, 1, 0.08, 0.74, 0.29, 0.075, 0.08, 
1, 0.14, 0.035, 0.42, 0.74, 0.14, 1, 0.4, 0.21, 0.29, 0.035, 
0.4, 1), .Dim = c(5L, 5L), .Dimnames = list(c("SN", "ATT", "PBC", 
"BI", "BEH"), c("SN", "ATT", "PBC", "BI", "BEH"))), `Hagger, et al. (2012)` = structure(c(1, 
0.53, 0.195, 0.43, 0.17, 0.53, 1, 0.27, 0.83, 0.36, 0.195, 0.27, 
1, 0.24, 0.15, 0.43, 0.83, 0.24, 1, 0.48, 0.17, 0.36, 0.15, 0.48, 
1), .Dim = c(5L, 5L), .Dimnames = list(c("SN", "ATT", "PBC", 
"BI", "BEH"), c("SN", "ATT", "PBC", "BI", "BEH"))), `Jamison and Myers (2008)` = structure(c(1, 
0.56, -0.26, 0.46, 0.2, 0.56, 1, -0.39, 0.84, 0.38, -0.26, -0.39, 
1, -0.34, -0.27, 0.46, 0.84, -0.34, 1, 0.5, 0.2, 0.38, -0.27, 
0.5, 1), .Dim = c(5L, 5L), .Dimnames = list(c("SN", "ATT", "PBC", 
"BI", "BEH"), c("SN", "ATT", "PBC", "BI", "BEH"))), `Johnston and White (2003)` = structure(c(1, 
0.407, 0.077, 0.436, 0.383, 0.407, 1, 0.312, 0.4, 0.408, 0.077, 
0.312, 1, 0.212, 0.195, 0.436, 0.4, 0.212, 1, 0.633, 0.383, 0.408, 
0.195, 0.633, 1), .Dim = c(5L, 5L), .Dimnames = list(c("SN", 
"ATT", "PBC", "BI", "BEH"), c("SN", "ATT", "PBC", "BI", "BEH"
))), `Kim and Hong (2013)` = structure(c(1, 0.21, 0.32, 0.61, 
NA, 0.21, 1, 0.36, 0.48, NA, 0.32, 0.36, 1, 0.43, NA, 0.61, 0.48, 
0.43, 1, NA, NA, NA, NA, NA, NA), .Dim = c(5L, 5L), .Dimnames = list(
    c("SN", "ATT", "PBC", "BI", "BEH"), c("SN", "ATT", "PBC", 
    "BI", "BEH"))), `Norman (2011) 1` = structure(c(1, 0.46, 
0.37, 0.45, NA, 0.46, 1, 0.31, 0.33, NA, 0.37, 0.31, 1, 0.36, 
NA, 0.45, 0.33, 0.36, 1, NA, NA, NA, NA, NA, NA), .Dim = c(5L, 
5L), .Dimnames = list(c("SN", "ATT", "PBC", "BI", "BEH"), c("SN", 
"ATT", "PBC", "BI", "BEH"))), `Norman (2011) 2` = structure(c(1, 
0.43, 0.28, 0.5, NA, 0.43, 1, 0.33, 0.4, NA, 0.28, 0.33, 1, 0.42, 
NA, 0.5, 0.4, 0.42, 1, NA, NA, NA, NA, NA, NA), .Dim = c(5L, 
5L),