Cooke16 <-
list(data = list(`Ajzen and Sheikh (2013)` = structure(c(1, 0.27000000000000002, 
0.26000000000000001, 0.51000000000000001, NA, 0.27000000000000002, 
1, 0.40000000000000002, 0.68000000000000005, NA, 0.26000000000000001, 
0.40000000000000002, 1, 0.47999999999999998, NA, 0.51000000000000001, 
0.68000000000000005, 0.47999999999999998, 1, NA, NA, NA, NA, 
NA, NA), .Dim = c(5L, 5L), .Dimnames = list(c("SN", "ATT", "PBC", 
"BI", "BEH"), c("SN", "ATT", "PBC", "BI", "BEH"))), `Armitage, Norman, and Conner (2002)` = structure(c(1, 
0.44, 0.23999999999999999, 0.46999999999999997, NA, 0.44, 1, 
0.51000000000000001, 0.60999999999999999, NA, 0.23999999999999999, 
0.51000000000000001, 1, 0.53000000000000003, NA, 0.46999999999999997, 
0.60999999999999999, 0.53000000000000003, 1, NA, NA, NA, NA, 
NA, NA), .Dim = c(5L, 5L), .Dimnames = list(c("SN", "ATT", "PBC", 
"BI", "BEH"), c("SN", "ATT", "PBC", "BI", "BEH"))), `Conner, Warren, Close, and Sparks (1999a) 1` = structure(c(1, 
0.16, -0.13, 0.34000000000000002, 0.17000000000000001, 0.16, 
1, -0.19, 0.39000000000000001, 0.35999999999999999, -0.13, -0.19, 
1, 0.44, -0.58999999999999997, 0.34000000000000002, 0.39000000000000001, 
0.44, 1, 0.47999999999999998, 0.17000000000000001, 0.35999999999999999, 
-0.58999999999999997, 0.47999999999999998, 1), .Dim = c(5L, 5L
), .Dimnames = list(c("SN", "ATT", "PBC", "BI", "BEH"), c("SN", 
"ATT", "PBC", "BI", "BEH"))), `Conner, Warren, Close, and Sparks (1999a) 2` = structure(c(1, 
0.089999999999999997, -0.13, 0.23000000000000001, 0.029999999999999999, 
0.089999999999999997, 1, -0.13, 0.39000000000000001, 0.13, -0.13, 
-0.13, 1, -0.34999999999999998, -0.62, 0.23000000000000001, 0.39000000000000001, 
-0.34999999999999998, 1, 0.34999999999999998, 0.029999999999999999, 
0.13, -0.62, 0.34999999999999998, 1), .Dim = c(5L, 5L), .Dimnames = list(
    c("SN", "ATT", "PBC", "BI", "BEH"), c("SN", "ATT", "PBC", 
    "BI", "BEH"))), `Conner, Warren, Close, and Sparks (1999a) 3` = structure(c(1, 
0.33000000000000002, -0.31, 0.51000000000000001, 0.28999999999999998, 
0.33000000000000002, 1, 0.029999999999999999, 0.47999999999999998, 
0.20000000000000001, -0.31, 0.029999999999999999, 1, -0.23999999999999999, 
-0.20999999999999999, 0.51000000000000001, 0.47999999999999998, 
-0.23999999999999999, 1, 0.34999999999999998, 0.28999999999999998, 
0.20000000000000001, -0.20999999999999999, 0.34999999999999998, 
1), .Dim = c(5L, 5L), .Dimnames = list(c("SN", "ATT", "PBC", 
"BI", "BEH"), c("SN", "ATT", "PBC", "BI", "BEH"))), `Conner, Warren, Close, and Sparks (1999b) 1` = structure(c(1, 
0.47999999999999998, 0.37, 0.51500000000000001, NA, 0.47999999999999998, 
1, 0.52000000000000002, 0.52000000000000002, NA, 0.37, 0.52000000000000002, 
1, 0.40000000000000002, NA, 0.51500000000000001, 0.52000000000000002, 
0.40000000000000002, 1, NA, NA, NA, NA, NA, NA), .Dim = c(5L, 
5L), .Dimnames = list(c("SN", "ATT", "PBC", "BI", "BEH"), c("SN", 
"ATT", "PBC", "BI", "BEH"))), `Conner, Warren, Close, and Sparks (1999b) 2` = structure(c(1, 
0.51000000000000001, 0.44500000000000001, 0.54500000000000004, 
NA, 0.51000000000000001, 1, 0.68999999999999995, 0.62, NA, 0.44500000000000001, 
0.68999999999999995, 1, 0.47999999999999998, NA, 0.54500000000000004, 
0.62, 0.47999999999999998, 1, NA, NA, NA, NA, NA, NA), .Dim = c(5L, 
5L), .Dimnames = list(c("SN", "ATT", "PBC", "BI", "BEH"), c("SN", 
"ATT", "PBC", "BI", "BEH"))), `Conner, Warren, Close, and Sparks (1999c)` = structure(c(1, 
0.17249999999999999, 0.13750000000000001, 0.20250000000000001, 
-0.14249999999999999, 0.17249999999999999, 1, 0.23000000000000001, 
0.57999999999999996, -0.20000000000000001, 0.13750000000000001, 
0.23000000000000001, 1, 0.34000000000000002, -0.44, 0.20250000000000001, 
0.57999999999999996, 0.34000000000000002, 1, -0.42999999999999999, 
-0.14249999999999999, -0.20000000000000001, -0.44, -0.42999999999999999, 
1), .Dim = c(5L, 5L), .Dimnames = list(c("SN", "ATT", "PBC", 
"BI", "BEH"), c("SN", "ATT", "PBC", "BI", "BEH"))), `Cooke and French (2011a)` = structure(c(1, 
0.54749999999999999, 0.42999999999999999, 0.48999999999999999, 
0.39000000000000001, 0.54749999999999999, 1, 0.625, 0.77500000000000002, 
0.56000000000000005, 0.42999999999999999, 0.625, 1, 0.70999999999999996, 
0.54000000000000004, 0.48999999999999999, 0.77500000000000002, 
0.70999999999999996, 1, 0.69999999999999996, 0.39000000000000001, 
0.56000000000000005, 0.54000000000000004, 0.69999999999999996, 
1), .Dim = c(5L, 5L), .Dimnames = list(c("SN", "ATT", "PBC", 
"BI", "BEH"), c("SN", "ATT", "PBC", "BI", "BEH"))), `Cooke and French (2011b)` = structure(c(1, 
0.53000000000000003, 0.25, 0.47999999999999998, NA, 0.53000000000000003, 
1, 0.57999999999999996, 0.67000000000000004, NA, 0.25, 0.57999999999999996, 
1, 0.64000000000000001, NA, 0.47999999999999998, 0.67000000000000004, 
0.64000000000000001, 1, NA, NA, NA, NA, NA, NA), .Dim = c(5L, 
5L), .Dimnames = list(c("SN", "ATT", "PBC", "BI", "BEH"), c("SN", 
"ATT", "PBC", "BI", "BEH"))), `Cooke, Sniehotta and Schuez (2007)` = structure(c(1, 
0.66000000000000003, 0.40999999999999998, 0.46999999999999997, 
0.33000000000000002, 0.66000000000000003, 1, 0.56000000000000005, 
0.71999999999999997, 0.42999999999999999, 0.40999999999999998, 
0.56000000000000005, 1, 0.56000000000000005, 0.28999999999999998, 
0.46999999999999997, 0.71999999999999997, 0.56000000000000005, 
1, 0.56000000000000005, 0.33000000000000002, 0.42999999999999999, 
0.28999999999999998, 0.56000000000000005, 1), .Dim = c(5L, 5L
), .Dimnames = list(c("SN", "ATT", "PBC", "BI", "BEH"), c("SN", 
"ATT", "PBC", "BI", "BEH"))), `Elliot and Ainsworth (2012) 1` = structure(c(1, 
0.64000000000000001, 0.080000000000000002, NA, NA, 0.64000000000000001, 
1, 0.050000000000000003, NA, NA, 0.080000000000000002, 0.050000000000000003, 
1, NA, NA, NA, NA, NA, NA, NA, NA, NA, NA, NA, NA), .Dim = c(5L, 
5L), .Dimnames = list(c("SN", "ATT", "PBC", "BI", "BEH"), c("SN", 
"ATT", "PBC", "BI", "BEH"))), `Elliot and Ainsworth (2012) 2` = structure(c(1, 
0.47999999999999998, 0.059999999999999998, NA, NA, 0.47999999999999998, 
1, 0.050000000000000003, NA, NA, 0.059999999999999998, 0.050000000000000003, 
1, NA, NA, NA, NA, NA, NA, NA, NA, NA, NA, NA, NA), .Dim = c(5L, 
5L), .Dimnames = list(c("SN", "ATT", "PBC", "BI", "BEH"), c("SN", 
"ATT", "PBC", "BI", "BEH"))), `Elliot and Ainsworth (2012) 3` = structure(c(1, 
0.65000000000000002, 0.01, NA, NA, 0.65000000000000002, 1, 0.029999999999999999, 
NA, NA, 0.01, 0.029999999999999999, 1, NA, NA, NA, NA, NA, NA, 
NA, NA, NA, NA, NA, NA), .Dim = c(5L, 5L), .Dimnames = list(c("SN", 
"ATT", "PBC", "BI", "BEH"), c("SN", "ATT", "PBC", "BI", "BEH"
))), `Elliot and Ainsworth (2012) 4` = structure(c(1, 0.54000000000000004, 
0.050000000000000003, NA, NA, 0.54000000000000004, 1, -0.12, 
NA, NA, 0.050000000000000003, -0.12, 1, NA, NA, NA, NA, NA, NA, 
NA, NA, NA, NA, NA, NA), .Dim = c(5L, 5L), .Dimnames = list(c("SN", 
"ATT", "PBC", "BI", "BEH"), c("SN", "ATT", "PBC", "BI", "BEH"
))), `Gagnon, et al. (2012)` = structure(c(1, 0.44, 0.46999999999999997, 
0.45000000000000001, -0.25, 0.44, 1, 0.5, 0.73999999999999999, 
-0.33000000000000002, 0.46999999999999997, 0.5, 1, 0.65000000000000002, 
-0.35999999999999999, 0.45000000000000001, 0.73999999999999999, 
0.65000000000000002, 1, -0.40999999999999998, -0.25, -0.33000000000000002, 
-0.35999999999999999, -0.40999999999999998, 1), .Dim = c(5L, 
5L), .Dimnames = list(c("SN", "ATT", "PBC", "BI", "BEH"), c("SN", 
"ATT", "PBC", "BI", "BEH"))), `Gardner, de Bruijn, and Lally (2012)` = structure(c(1, 
0.46999999999999997, 0.23999999999999999, 0.27000000000000002, 
0.23999999999999999, 0.46999999999999997, 1, 0.11, 0.33000000000000002, 
0.28999999999999998, 0.23999999999999999, 0.11, 1, 0.19, 0.19, 
0.27000000000000002, 0.33000000000000002, 0.19, 1, 0.93000000000000005, 
0.23999999999999999, 0.28999999999999998, 0.19, 0.93000000000000005, 
1), .Dim = c(5L, 5L), .Dimnames = list(c("SN", "ATT", "PBC", 
"BI", "BEH"), c("SN", "ATT", "PBC", "BI", "BEH"))), `Glassman, et al. (2010a)` = structure(c(1, 
0.68999999999999995, 0.66000000000000003, 0.71999999999999997, 
0.57999999999999996, 0.68999999999999995, 1, 0.71999999999999997, 
0.75, 0.57999999999999996, 0.66000000000000003, 0.71999999999999997, 
1, 0.73999999999999999, 0.58999999999999997, 0.71999999999999997, 
0.75, 0.73999999999999999, 1, 0.68999999999999995, 0.57999999999999996, 
0.57999999999999996, 0.58999999999999997, 0.68999999999999995, 
1), .Dim = c(5L, 5L), .Dimnames = list(c("SN", "ATT", "PBC", 
"BI", "BEH"), c("SN", "ATT", "PBC", "BI", "BEH"))), `Glassman, et al. (2010b)` = structure(c(1, 
0.32000000000000001, 0.27000000000000002, 0.54000000000000004, 
-0.14000000000000001, 0.32000000000000001, 1, 0.20999999999999999, 
0.35999999999999999, -0.040000000000000001, 0.27000000000000002, 
0.20999999999999999, 1, 0.51000000000000001, 0.28999999999999998, 
0.54000000000000004, 0.35999999999999999, 0.51000000000000001, 
1, 0.20999999999999999, -0.14000000000000001, -0.040000000000000001, 
0.28999999999999998, 0.20999999999999999, 1), .Dim = c(5L, 5L
), .Dimnames = list(c("SN", "ATT", "PBC", "BI", "BEH"), c("SN", 
"ATT", "PBC", "BI", "BEH"))), `Glassman, et al. (2010c)` = structure(c(1, 
0.59999999999999998, 0.12, 0.44, 0.20999999999999999, 0.59999999999999998, 
1, 0.23499999999999999, 0.81999999999999995, 0.51000000000000001, 
0.12, 0.23499999999999999, 1, 0.33000000000000002, 0.16, 0.44, 
0.81999999999999995, 0.33000000000000002, 1, 0.58999999999999997, 
0.20999999999999999, 0.51000000000000001, 0.16, 0.58999999999999997, 
1), .Dim = c(5L, 5L), .Dimnames = list(c("SN", "ATT", "PBC", 
"BI", "BEH"), c("SN", "ATT", "PBC", "BI", "BEH"))), `Glassman, et al. (2010d)` = structure(c(1, 
0.5, 0.074999999999999997, 0.41999999999999998, 0.20999999999999999, 
0.5, 1, 0.080000000000000002, 0.73999999999999999, 0.28999999999999998, 
0.074999999999999997, 0.080000000000000002, 1, 0.14000000000000001, 
0.035000000000000003, 0.41999999999999998, 0.73999999999999999, 
0.14000000000000001, 1, 0.40000000000000002, 0.20999999999999999, 
0.28999999999999998, 0.035000000000000003, 0.40000000000000002, 
1), .Dim = c(5L, 5L), .Dimnames = list(c("SN", "ATT", "PBC", 
"BI", "BEH"), c("SN", "ATT", "PBC", "BI", "BEH"))), `Hagger, et al. (2012)` = structure(c(1, 
0.53000000000000003, 0.19500000000000001, 0.42999999999999999, 
0.17000000000000001, 0.53000000000000003, 1, 0.27000000000000002, 
0.82999999999999996, 0.35999999999999999, 0.19500000000000001, 
0.27000000000000002, 1, 0.23999999999999999, 0.14999999999999999, 
0.42999999999999999, 0.82999999999999996, 0.23999999999999999, 
1, 0.47999999999999998, 0.17000000000000001, 0.35999999999999999, 
0.14999999999999999, 0.47999999999999998, 1), .Dim = c(5L, 5L
), .Dimnames = list(c("SN", "ATT", "PBC", "BI", "BEH"), c("SN", 
"ATT", "PBC", "BI", "BEH"))), `Jamison and Myers (2008)` = structure(c(1, 
0.56000000000000005, -0.26000000000000001, 0.46000000000000002, 
0.20000000000000001, 0.56000000000000005, 1, -0.39000000000000001, 
0.83999999999999997, 0.38, -0.26000000000000001, -0.39000000000000001, 
1, -0.34000000000000002, -0.27000000000000002, 0.46000000000000002, 
0.83999999999999997, -0.34000000000000002, 1, 0.5, 0.20000000000000001, 
0.38, -0.27000000000000002, 0.5, 1), .Dim = c(5L, 5L), .Dimnames = list(
    c("SN", "ATT", "PBC", "BI", "BEH"), c("SN", "ATT", "PBC", 
    "BI", "BEH"))), `Johnston and White (2003)` = structure(c(1, 
0.40699999999999997, 0.076999999999999999, 0.436, 0.38300000000000001, 
0.40699999999999997, 1, 0.312, 0.40000000000000002, 0.40799999999999997, 
0.076999999999999999, 0.312, 1, 0.21199999999999999, 0.19500000000000001, 
0.436, 0.40000000000000002, 0.21199999999999999, 1, 0.63300000000000001, 
0.38300000000000001, 0.40799999999999997, 0.19500000000000001, 
0.63300000000000001, 1), .Dim = c(5L, 5L), .Dimnames = list(c("SN", 
"ATT", "PBC", "BI", "BEH"), c("SN", "ATT", "PBC", "BI", "BEH"
))), `Kim and Hong (2013)` = structure(c(1, 0.20999999999999999, 
0.32000000000000001, 0.60999999999999999, NA, 0.20999999999999999, 
1, 0.35999999999999999, 0.47999999999999998, NA, 0.32000000000000001, 
0.35999999999999999, 1, 0.42999999999999999, NA, 0.60999999999999999, 
0.47999999999999998, 0.42999999999999999, 1, NA, NA, NA, NA, 
NA, NA), .Dim = c(5L, 5L), .Dimnames = list(c("SN", "ATT", "PBC", 
"BI", "BEH"), c("SN", "ATT", "PBC", "BI", "BEH"))), `Norman (2011) 1` = structure(c(1, 
0.46000000000000002, 0.37, 0.45000000000000001, NA, 0.46000000000000002, 
1, 0.31, 0.33000000000000002, NA, 0.37, 0.31, 1, 0.35999999999999999, 
NA, 0.45000000000000001, 0.33000000000000002, 0.35999999999999999, 
1, NA, NA, NA, NA, NA, NA), .Dim = c(5L, 5L), .Dimnames = list(
    c("SN", "ATT", "PBC", "BI", "BEH"), c("SN", "ATT", "PBC", 
    "BI", "BEH"))), `Norman (2011) 2` = structure(c(1, 0.42999999999999999, 
0.28000000000000003, 0.5, NA, 0.42999999999999999, 1, 0.33000000000000002, 
0.40000000000000002, NA, 0.28000000000000003, 0.33000000000000002, 
1, 0.41999999999999998, NA, 0.5, 0.40000000000000002, 0.41999999999999998, 
1, NA, NA, NA, NA, NA, NA), .Dim = c(5L, 5L), .Dimnames = list(
    c("SN", "ATT", "PBC", "BI", "BEH"), c("SN", "ATT", "PBC", 
    "BI", "BEH"))), `Norman (2011) 3` = structure(c(1, 0.44, 
0.070000000000000007, 0.44, NA, 0.44, 1, 0.10000000000000001, 
0.29999999999999999, NA, 0.070000000000000007, 0.10000000000000001, 
1, 0.34000000000000002, NA, 0.44, 0.29999999999999999, 0.34000000000000002, 
1, NA, NA, NA, NA, NA, NA), .Dim = c(5L, 5L), .Dimnames = list(
    c("SN", "ATT", "PBC", "BI", "BEH"), c("SN", "ATT", "PBC", 
    "BI", "BEH"))), `Norman (2011) 4` = structure(c(1, 0.44, 
0.14999999999999999, 0.47999999999999998, NA, 0.44, 1, 0.14999999999999999, 
0.33000000000000002, NA, 0.14999999999999999, 0.14999999999999999, 
1, 0.46000000000000002, NA, 0.47999999999999998, 0.33000000000000002, 
0.46000000000000002, 1, NA, NA, NA, NA, NA, NA), .Dim = c(5L, 
5L), .Dimnames = list(c("SN", "ATT", "PBC", "BI", "BEH"), c("SN", 
"ATT", "PBC", "BI", "BEH"))), `Norman, Armitage, and Quigley (2007) 1` = structure(c(1, 
0.014, -0.047, 0.014, 0.028000000000000001, 0.014, 1, -0.065000000000000002, 
0.51500000000000001, 0.29599999999999999, -0.047, -0.065000000000000002, 
1, -0.44800000000000001, -0.41499999999999998, 0.014, 0.51500000000000001, 
-0.44800000000000001, 1, 0.52700000000000002, 0.028000000000000001, 
0.29599999999999999, -0.41499999999999998, 0.52700000000000002, 
1), .Dim = c(5L, 5L), .Dimnames = list(c("SN", "ATT", "PBC", 
"BI", "BEH"), c("SN", "ATT", "PBC", "BI", "BEH"))), `Norman, Armitage, and Quigley (2007) 2` = structure(c(1, 
-0.051999999999999998, -0.063, -0.13100000000000001, -0.029000000000000001, 
-0.051999999999999998, 1, -0.317, 0.58099999999999996, 0.42699999999999999, 
-0.063, -0.317, 1, -0.46200000000000002, -0.36899999999999999, 
-0.13100000000000001, 0.58099999999999996, -0.46200000000000002, 
1, 0.54900000000000004, -0.029000000000000001, 0.42699999999999999, 
-0.36899999999999999, 0.54900000000000004, 1), .Dim = c(5L, 5L
), .Dimnames = list(c("SN", "ATT", "PBC", "BI", "BEH"), c("SN", 
"ATT", "PBC", "BI", "BEH"))), `Norman and Conner (2006)` = structure(c(1, 
0.23999999999999999, 0.115, 0.27000000000000002, -0.01, 0.23999999999999999, 
1, 0.245, 0.81000000000000005, 0.53000000000000003, 0.115, 0.245, 
1, 0.35999999999999999, 0.25, 0.27000000000000002, 0.81000000000000005, 
0.35999999999999999, 1, 0.52000000000000002, -0.01, 0.53000000000000003, 
0.25, 0.52000000000000002, 1), .Dim = c(5L, 5L), .Dimnames = list(
    c("SN", "ATT", "PBC", "BI", "BEH"), c("SN", "ATT", "PBC", 
    "BI", "BEH"))), `Norman, Conner, and Stride (2012) 1` = structure(c(1, 
0.32000000000000001, 0.23999999999999999, 0.34000000000000002, 
0.23000000000000001, 0.32000000000000001, 1, 0.53000000000000003, 
0.34999999999999998, 0.28000000000000003, 0.23999999999999999, 
0.53000000000000003, 1, 0.44, 0.45000000000000001, 0.34000000000000002, 
0.34999999999999998, 0.44, 1, 0.59999999999999998, 0.23000000000000001, 
0.28000000000000003, 0.45000000000000001, 0.59999999999999998, 
1), .Dim = c(5L, 5L), .Dimnames = list(c("SN", "ATT", "PBC", 
"BI", "BEH"), c("SN", "ATT", "PBC", "BI", "BEH"))), `Norman, Conner, and Stride (2012) 2` = structure(c(1, 
0.29999999999999999, 0.28000000000000003, 0.23000000000000001, 
0.33000000000000002, 0.29999999999999999, 1, 0.56999999999999995, 
0.45000000000000001, 0.35999999999999999, 0.28000000000000003, 
0.56999999999999995, 1, 0.53000000000000003, 0.26000000000000001, 
0.23000000000000001, 0.45000000000000001, 0.53000000000000003, 
1, 0.56000000000000005, 0.33000000000000002, 0.35999999999999999, 
0.26000000000000001, 0.56000000000000005, 1), .Dim = c(5L, 5L
), .Dimnames = list(c("SN", "ATT", "PBC", "BI", "BEH"), c("SN", 
"ATT", "PBC", "BI", "BEH")))), n = c(49, 124, 178, 176, 159, 
195, 188, 178, 120, 141, 128, 373, 133, 128, 112, 486, 176, 289, 
315, 137, 94, 398, 172, 122, 1100, 450, 446, 460, 446, 170, 146, 
62, 147, 153), MeanAge = c(19.800000000000001, 26, NA, NA, NA, 
NA, NA, 20.280000000000001, 20.399999999999999, 20.100000000000001, 
21.949999999999999, 20, 20, 20, 20, 30.41, 23, 26, 37.100000000000001, 
19.120000000000001, 20.100000000000001, 20.260000000000002, 20.379999999999999, 
18.399999999999999, 20.600000000000001, 13.6, 13.6, 15.699999999999999, 
15.699999999999999, 19.91, 19.91, 21, 24.699999999999999, 24.699999999999999
), Female = c(73, 50.805999999999997, 53.369999999999997, 57.386000000000003, 
73.584000000000003, 50.256, 50.530999999999999, 57.865000000000002, 
69.165999999999997, 57.5, 75, 61.100000000000001, 61.100000000000001, 
61.100000000000001, 61.100000000000001, 53.703000000000003, 42.045000000000002, 
79.930000000000007, 0, 81.751000000000005, 84.042000000000002, 
76.632999999999996, 82.558000000000007, 67.212999999999994, 54, 
0, 100, 0, 100, 0, 100, 75, 100, 0))
