Cooke16 <-
list(data = list(`Ajzen and Sheikh (2013)` = structure(c(1, 0.27000000000000002, 
0.26000000000000001, 0.51000000000000001, NA, 0.27000000000000002, 
1, 0.40000000000000002, 0.68000000000000005, NA, 0.26000000000000001, 
0.40000000000000002, 1, 0.47999999999999998, NA, 0.51000000000000001, 
0.68000000000000005, 0.47999999999999998, 1, NA, NA, NA, NA, 
NA, NA), .Dim = c(5L, 5L), .Dimnames = list(c("SN", "ATT", "PBC", 
"BI", "BEH"), c("SN", "ATT", "PBC", "BI", "BEH"))), `Armitage, Norman, and Conner (2002)` = structure(c(1, 
0.44, 0.23999999999999999, 0.46999999999999997, NA, 0.44, 1, 
0.51000000000000001, 0.60999999999999999, NA, 0.23999999999999999, 
0.51000000000000001, 1, 0.53000000000000003, NA, 0.46999999999999997, 
0.60999999999999999, 0.53000000000000003, 1, NA, NA, NA, NA, 
NA, NA), .Dim = c(5L, 5L), .Dimnames = list(c("SN", "ATT", "PBC", 
"BI", "BEH"), c("SN", "ATT", "PBC", "BI", "BEH"))), `Conner, Warren, Close, and Sparks (1999a) 1` = structure(c(1, 
0.16, -0.13, 0.34000000000000002, 0.17000000000000001, 0.16, 
1, -0.19, 0.39000000000000001, 0.35999999999999999, -0.13, -0.19, 
1, 0.44, -0.58999999999999997, 0.34000000000000002, 0.39000000000000001, 
0.44, 1, 0.47999999999999998, 0.17000000000000001, 0.35999999999999999, 
-0.58999999999999997, 0.47999999999999998, 1), .Dim = c(5L, 5L
), .Dimnames = list(c("SN", "ATT", "PBC", "BI", "BEH"), c("SN", 
"ATT", "PBC", "BI", "BEH"))), `Conner, Warren, Close, and Sparks (1999a) 2` = structure(c(1, 
0.089999999999999997, -0.13, 0.23000000000000001, 0.029999999999999999, 
0.089999999999999997, 1, -0.13, 0.39000000000000001, 0.13, -0.13, 
-0.13, 1, -0.34999999999999998, -0.62, 0.23000000000000001, 0.39000000000000001, 
-0.34999999999999998, 1, 0.34999999999999998, 0.029999999999999999, 
0.13, -0.62, 0.34999999999999998, 1), .Dim = c(5L, 5L), .Dimnames = list(
    c("SN", "ATT", "PBC", "BI", "BEH"), c("SN", "ATT", "PBC", 
    "BI", "BEH"))), `Conner, Warren, Close, and Sparks (1999a) 3` = structure(c(1, 
0.33000000000000002, -0.31, 0.51000000000000001, 0.28999999999999998, 
0.33000000000000002, 1, 0.029999999999999999, 0.47999999999999998, 
0.20000000000000001, -0.31, 0.029999999999999999, 1, -0.23999999999999999, 
-0.20999999999999999, 0.51000000000000001, 0.47999999999999998, 
-0.23999999999999999, 1, 0.34999999999999998, 0.28999999999999998, 
0.20000000000000001, -0.20999999999999999, 0.34999999999999998, 
1), .Dim = c(5L, 5L), .Dimnames = list(c("SN", "ATT", "PBC", 
"BI", "BEH"), c("SN", "ATT", "PBC", "BI", "BEH"))), `Conner, Warren, Close, and Sparks (1999b) 1` = structure(c(1, 
0.47999999999999998, 0.37, 0.51500000000000001, NA, 0.47999999999999998, 
1, 0.52000000000000002, 0.52000000000000002, NA, 0.37, 0.52000000000000002, 
1, 0.40000000000000002, NA, 0.51500000000000001, 0.52000000000000002, 
0.40000000000000002, 1, NA, NA, NA, NA, NA, NA), .Dim = c(5L, 
5L), .Dimnames = list(c("SN", "ATT", "PBC", "BI", "BEH"), c("SN", 
"ATT", "PBC", "BI", "BEH"))), `Conner, Warren, Close, and Sparks (1999b) 2` = structure(c(1, 
0.51000000000000001, 0.44500000000000001, 0.54500000000000004, 
NA, 0.51000000000000001, 1, 0.68999999999999995, 0.62, NA, 0.44500000000000001, 
0.68999999999999995, 1, 0.47999999999999998, NA, 0.54500000000000004, 
0.62, 0.47999999999999998, 1, NA, NA, NA, NA, NA, NA), .Dim = c(5L, 
5L), .Dimnames = list(c("SN", "ATT", "PBC", "BI", "BEH"), c("SN", 
"ATT", "PBC", "BI", "BEH"))), `Conner, Warren, Close, and Sparks (1999c)` = structure(c(1, 
0.17249999999999999, 0.13750000000000001, 0.20250000000000001, 
-0.14249999999999999, 0.17249999999999999, 1, 0.23000000000000001, 
0.57999999999999996, -0.20000000000000001, 0.13750000000000001, 
0.23000000000000001, 1, 0.34000000000000002, -0.44, 0.20250000000000001, 
0.57999999999999996, 0.34000000000000002, 1, -0.42999999999999999, 
-0.14249999999999999, -0.20000000000000001, -0.44, -0.42999999999999999, 
1), .Dim = c(5L, 5L), .Dimnames = list(c("SN", "ATT", "PBC", 
"BI", "BEH"), c("SN", "ATT", "PBC", "BI", "BEH"))), `Cooke and French (2011a)` = structure(c(1, 
0.54749999999999999, 0.42999999999999999, 0.48999999999999999, 
0.39000000000000001, 0.54749999999999999, 1, 0.625, 0.77500000000000002, 
0.56000000000000005, 0.42999999999999999, 0.625, 1, 0.70999999999999996, 
0.54000000000000004, 0.48999999999999999, 0.77500000000000002, 
0.70999999999999996, 1, 0.69999999999999996, 0.39000000000000001, 
0.56000000000000005, 0.54000000000000004, 0.69999999999999996, 
1), .Dim = c(5L, 5L), .Dimnames = list(c("SN", "ATT", "PBC", 
"BI", "BEH"), c("SN", "ATT", "PBC", "BI", "BEH"))), `Cooke and French (2011b)` = structure(c(1, 
0.53000000000000003, 0.25, 0.47999999999999998, NA, 0.53000000000000003, 
1, 0.57999999999999996, 0.67000000000000004, NA, 0.25, 0.57999999999999996, 
1, 0.64000000000000001, NA, 0.47999999999999998, 0.67000000000000004, 
0.64000000000000001, 1, NA, NA, NA, NA, NA, NA), .Dim = c(5L, 
5L), .Dimnames = list(c("SN", "ATT", "PBC", "BI", "BEH"), c("SN", 
"ATT", "PBC", "BI", "BEH"))), `Cooke, Sniehotta and Schuez (2007)` = structure(c(1, 
0.66000000000000003, 0.40999999999999998, 0.46999999999999997, 
0.33000000000000002, 0.66000000000000003, 1, 0.56000000000000005, 
0.71999999999999997, 0.42999999999999999, 0.40999999999999998, 
0.56000000000000005, 1, 0.56000000000000005, 0.28999999999999998, 
0.46999999999999997, 0.71999999999999997, 0.56000000000000005, 
1, 0.56000000000000005, 0.33000000000000002, 0.42999999999999999, 
0.28999999999999998, 0.56000000000000005, 1), .Dim = c(5L, 5L
), .Dimnames = list(c("SN", "ATT", "PBC", "BI", "BEH"), c("SN", 
"ATT", "PBC", "BI", "BEH"))), `Elliot and Ainsworth (2012) 1` = structure(c(1, 
0.64000000000000001, 0.080000000000000002, NA, NA, 0.64000000000000001, 
1, 0.050000000000000003, NA, NA, 0.080000000000000002, 0.050000000000000003, 
1, NA, NA, NA, NA, NA, NA, NA, NA, NA, NA, NA, NA), .Dim = c(5L, 
5L), .Dimnames = list(c("SN", "ATT", "PBC", "BI", "BEH"), c("SN", 
"ATT", "PBC", "BI", "BEH"))), `Elliot and Ainsworth (2012) 2` = structure(c(1, 
0.47999999999999998, 0.059999999999999998, NA, NA, 0.47999999999999998, 
1, 0.050000000000000003, NA, NA, 0.059999999999999998, 0.050000000000000003, 
1, NA, NA, NA, NA, NA, NA, NA, NA, NA, NA, NA, NA), .Dim = c(5L, 
5L), .Dimnames = list(c("SN", "ATT", "PBC", "BI", "BEH"), c("SN", 
"ATT", "PBC", "BI", "BEH"))), `Elliot and Ainsworth (2012) 3` = structure(c(1, 
0.65000000000000002, 0.01, NA, NA, 0.65000000000000002, 1, 0.029999999999999999, 
NA, NA, 0.01, 0.029999999999999999, 1, NA, NA, NA, NA, NA, NA, 
NA, NA, NA, NA, NA, NA), .Dim = c(5L, 5L), .Dimnames = list(c("SN", 
"ATT", "PBC", "BI", "BEH"), c("SN", "ATT", "PBC", "BI", "BEH"
))), `Elliot and Ainsworth (2012) 4` = structure(c(1, 0.54000000000000004, 
0.050000000000000003, NA, NA, 0.54000000000000004, 1, -0.12, 
NA, NA, 0.050000000000000003, -0.12, 1, NA, NA, NA, NA, NA, NA, 
NA, NA, NA, NA, NA, NA), .Dim = c(5L, 5L), .Dimnames = list(c("SN", 
"ATT", "PBC", "BI", "BEH"), c("SN", "ATT", "PBC", "BI", "BEH"
))), `Gagnon, et al. (2012)` = structure(c(1, 0.44, 0.46999999999999997, 
0.45000000000000001, -0.25, 0.44, 1, 0.5, 0.73999999999999999, 
-0.33000000000000002, 0.46999999999999997, 0.5, 1, 0.65000000000000002, 
-0.35999999999999999, 0.45000000000000001, 0.73999999999999999, 
0.65000000000000002, 1, -0.40999999999999998, -0.25, -0.33000000000000002, 
-0.35999999999999999, -0.40999999999999998, 1), .Dim = c(5L, 
5L), .Dimnames = list(c("SN", "ATT", "PBC", "BI", "BEH"), c("SN", 
"ATT", "PBC", "BI", "BEH"))), `Gardner, de Bruijn, and Lally (2012)` = structure(c(1, 
0.46999999999999997, 0.23999999999999999, 0.27000000000000002, 
0.23999999999999999, 0.46999999999999997, 1, 0.11, 0.33000000000000002, 
0.28999999999999998, 0.23999999999999999, 0.11, 1, 0.19, 0.19, 
0.27000000000000002, 0.33000000000000002, 0.19, 1, 0.93000000000000005, 
0.23999999999999999, 0.28999999999999998, 0.19, 0.93000000000000005, 
1), .Dim = c(5L, 5L),