Gnambs18 <-
structure(list(data = structure(list(Carmines1979 = structure(c(1, 
0.233, 0.204, 0.374, 0.221, 0.189, 0.332, 0.27, 0.311, 0.425, 
0.233, 1, 0.361, 0.299, 0.358, 0.502, 0.276, 0.277, 0.577, 0.317, 
0.204, 0.361, 1, 0.352, 0.399, 0.263, 0.451, 0.185, 0.394, 0.413, 
0.374, 0.299, 0.352, 1, 0.28, 0.214, 0.427, 0.05, 0.315, 0.457, 
0.221, 0.358, 0.399, 0.28, 1, 0.415, 0.35, 0.209, 0.469, 0.446, 
0.189, 0.502, 0.263, 0.214, 0.415, 1, 0.209, 0.246, 0.474, 0.338, 
0.332, 0.276, 0.451, 0.427, 0.35, 0.209, 1, 0.048, 0.381, 0.399, 
0.27, 0.277, 0.185, 0.05, 0.209, 0.246, 0.048, 1, 0.23, 0.248, 
0.311, 0.577, 0.394, 0.315, 0.469, 0.474, 0.381, 0.23, 1, 0.369, 
0.425, 0.317, 0.413, 0.457, 0.446, 0.338, 0.399, 0.248, 0.369, 
1), .Dim = c(10L, 10L), .Dimnames = list(c("I1", "I2", "I3", 
"I4", "I5", "I6", "I7", "I8", "I9", "I10"), c("I1", "I2", "I3", 
"I4", "I5", "I6", "I7", "I8", "I9", "I10"))), Donnellan2016 = structure(c(1, 
0.419, 0.487, 0.378, 0.449, 0.395, 0.45, 0.36, 0.447, 0.663, 
0.419, 1, 0.358, 0.295, 0.524, 0.71, 0.345, 0.483, 0.555, 0.5, 
0.487, 0.358, 1, 0.494, 0.483, 0.284, 0.701, 0.239, 0.431, 0.586, 
0.378, 0.295, 0.494, 1, 0.347, 0.297, 0.451, 0.192, 0.363, 0.462, 
0.449, 0.524, 0.483, 0.347, 1, 0.483, 0.418, 0.335, 0.61, 0.519, 
0.395, 0.71, 0.284, 0.297, 0.483, 1, 0.281, 0.519, 0.469, 0.46, 
0.45, 0.345, 0.701, 0.451, 0.418, 0.281, 1, 0.252, 0.432, 0.523, 
0.36, 0.483, 0.239, 0.192, 0.335, 0.519, 0.252, 1, 0.391, 0.399, 
0.447, 0.555, 0.431, 0.363, 0.61, 0.469, 0.432, 0.391, 1, 0.551, 
0.663, 0.5, 0.586, 0.462, 0.519, 0.46, 0.523, 0.399, 0.551, 1
), .Dim = c(10L, 10L), .Dimnames = list(c("I1", "I2", "I3", "I4", 
"I5", "I6", "I7", "I8", "I9", "I10"), c("I1", "I2", "I3", "I4", 
"I5", "I6", "I7", "I8", "I9", "I10"))), Gnambs2017 = structure(c(1, 
0.387, 0.38, 0.345, 0.357, 0.426, 0.365, 0.304, 0.409, 0.569, 
0.387, 1, 0.255, 0.247, 0.42, 0.58, 0.294, 0.368, 0.498, 0.414, 
0.38, 0.255, 1, 0.486, 0.319, 0.272, 0.355, 0.179, 0.293, 0.413, 
0.345, 0.247, 0.486, 1, 0.287, 0.249, 0.314, 0.16, 0.271, 0.369, 
0.357, 0.42, 0.319, 0.287, 1, 0.475, 0.314, 0.312, 0.431, 0.375, 
0.426, 0.58, 0.272, 0.249, 0.475, 1, 0.309, 0.362, 0.569, 0.459, 
0.365, 0.294, 0.355, 0.314, 0.314, 0.309, 1, 0.174, 0.318, 0.412, 
0.304, 0.368, 0.179, 0.16, 0.312, 0.362, 0.174, 1, 0.406, 0.328, 
0.409, 0.498, 0.293, 0.271, 0.431, 0.569, 0.318, 0.406, 1, 0.492, 
0.569, 0.414, 0.413, 0.369, 0.375, 0.459, 0.412, 0.328, 0.492, 
1), .Dim = c(10L, 10L), .Dimnames = list(c("I1", "I2", "I3", 
"I4", "I5", "I6", "I7", "I8", "I9", "I10"), c("I1", "I2", "I3", 
"I4", "I5", "I6", "I7", "I8", "I9", "I10"))), Hesketh2012 = structure(c(1, 
0.204, 0.331, 0.337, 0.155, 0.209, 0.29, -0.33, 0.23, 0.437, 
0.204, 1, 0.188, 0.17, 0.282, 0.618, 0.169, -0.159, 0.35, 0.198, 
0.331, 0.188, 1, 0.364, 0.15, 0.192, 0.455, -0.284, 0.17, 0.362, 
0.337, 0.17, 0.364, 1, 0.084, 0.17, 0.285, -0.312, 0.152, 0.352, 
0.155, 0.282, 0.15, 0.084, 1, 0.275, 0.102, -0.059, 0.307, 0.144, 
0.209, 0.618, 0.192, 0.17, 0.275, 1, 0.147, -0.151, 0.366, 0.202, 
0.29, 0.169, 0.455, 0.285, 0.102, 0.147, 1, -0.233, 0.147, 0.299, 
-0.33, -0.159, -0.284, -0.312, -0.059, -0.151, -0.233, 1, -0.122, 
-0.346, 0.23, 0.35, 0.17, 0.152, 0.307, 0.366, 0.147, -0.122, 
1, 0.189, 0.437, 0.198, 0.362, 0.352, 0.144, 0.202, 0.299, -0.346, 
0.189, 1), .Dim = c(10L, 10L), .Dimnames = list(c("I1", "I2", 
"I3", "I4", "I5", "I6", "I7", "I8", "I9", "I10"), c("I1", "I2", 
"I3", "I4", "I5", "I6", "I7", "I8", "I9", "I10"))), Jamil2006 = structure(c(1, 
0.28, 0.4, 0.23, 0.11, 0.32, 0.41, -0.14, 0.22, 0.43, 0.28, 1, 
0.21, 0.27, 0.48, 0.68, 0.27, -0.14, 0.37, 0.36, 0.4, 0.21, 1, 
0.44, 0.27, 0.22, 0.36, -0.31, 0.36, 0.57, 0.23, 0.27, 0.44, 
1, 0.35, 0.23, 0.28, -0.16, 0.28, 0.34, 0.11, 0.48, 0.27, 0.35, 
1, 0.52, 0.1, -0.09, 0.2, 0.28, 0.32, 0.68, 0.22, 0.23, 0.52, 
1, 0.34, -0.16, 0.33, 0.39, 0.41, 0.27, 0.36, 0.28, 0.1, 0.34, 
1, -0.22, 0.28, 0.42, -0.14, -0.14, -0.31, -0.16, -0.09, -0.16, 
-0.22, 1, -0.07, -0.23, 0.22, 0.37, 0.36, 0.28, 0.2, 0.33, 0.28, 
-0.07, 1, 0.48, 0.43, 0.36, 0.57, 0.34, 0.28, 0.39, 0.42, -0.23, 
0.48, 1), .Dim = c(10L, 10L), .Dimnames = list(c("I1", "I2", 
"I3", "I4", "I5", "I6", "I7", "I8", "I9", "I10"), c("I1", "I2", 
"I3", "I4", "I5", "I6", "I7", "I8", "I9", "I10"))), Liss2008 = structure(c(1, 
0.498, 0.501, 0.433, 0.436, 0.479, 0.525, 0.475, 0.496, 0.763, 
0.498, 1, 0.376, 0.313, 0.459, 0.725, 0.421, 0.533, 0.576, 0.488, 
0.501, 0.376, 1, 0.543, 0.399, 0.327, 0.693, 0.305, 0.382, 0.517, 
0.433, 0.313, 0.543, 1, 0.34, 0.291, 0.481, 0.257, 0.322, 0.443, 
0.436, 0.459, 0.399, 0.34, 1, 0.45, 0.378, 0.426, 0.488, 0.405, 
0.479, 0.725, 0.327, 0.291, 0.45, 1, 0.373, 0.523, 0.544, 0.472, 
0.525, 0.421, 0.693, 0.481, 0.378, 0.373, 1, 0.363, 0.428, 0.534, 
0.475, 0.533, 0.305, 0.257, 0.426, 0.523, 0.363, 1, 0.515, 0.514, 
0.496, 0.576, 0.382, 0.322, 0.488, 0.544, 0.428, 0.515, 1, 0.512, 
0.763, 0.488, 0.517, 0.443, 0.405, 0.472, 0.534, 0.514, 0.512, 
1), .Dim = c(10L, 10L), .Dimnames = list(c("I1", "I2", "I3", 
"I4", "I5", "I6", "I7", "I8", "I9", "I10"), c("I1", "I2", "I3", 
"I4", "I5", "I6", "I7", "I8", "I9", "I10"))), Liss2009 = structure(c(1, 
0.511, 0.556, 0.457, 0.383, 0.455, 0.549, 0.47, 0.515, 0.756, 
0.511, 1, 0.395, 0.323, 0.5, 0.756, 0.426, 0.546, 0.609, 0.469, 
0.556, 0.395, 1, 0.514, 0.253, 0.361, 0.668, 0.381, 0.397, 0.513, 
0.457, 0.323, 0.514, 1, 0.255, 0.216, 0.491, 0.253, 0.319, 0.425, 
0.383, 0.5, 0.253, 0.255, 1, 0.472, 0.384, 0.482, 0.532, 0.375, 
0.455, 0.756, 0.361, 0.216, 0.472, 1, 0.392, 0.557, 0.59, 0.463, 
0.549, 0.426, 0.668, 0.491, 0.384, 0.392, 1, 0.437, 0.489, 0.53, 
0.47, 0.546, 0.381, 0.253, 0.482, 0.557, 0.437, 1, 0.593, 0.507, 
0.515, 0.609, 0.397, 0.319, 0.532, 0.59, 0.489, 0.593, 1, 0.519, 
0.756, 0.469, 0.513, 0.425, 0.375, 0.463, 0.53, 0.507, 0.519, 
1), .Dim = c(10L, 10L), .Dimnames = list(c("I1", "I2", "I3", 
"I4", "I5", "I6", "I7", "I8", "I9", "I10"), c("I1", "I2", "I3", 
"I4", "I5", "I6", "I7", "I8", "I9", "I10"))), Liss2010 = structure(c(1, 
0.426, 0.479, 0.384, 0.355, 0.437, 0.512, 0.409, 0.47, 0.746, 
0.426, 1, 0.288, 0.283, 0.389, 0.728, 0.33, 0.505, 0.566, 0.447, 
0.479, 0.288, 1, 0.477, 0.299, 0.307, 0.69, 0.251, 0.298, 0.492, 
0.384, 0.283, 0.477, 1, 0.282, 0.255, 0.433, 0.236, 0.247, 0.424, 
0.355, 0.389, 0.299, 0.282, 1, 0.431, 0.3, 0.417, 0.459, 0.331, 
0.437, 0.728, 0.307, 0.255, 0.431, 1, 0.323, 0.499, 0.551, 0.431, 
0.512, 0.33, 0.69, 0.433, 0.3, 0.323, 1, 0.321, 0.37, 0.511, 
0.409, 0.505, 0.251, 0.236, 0.417, 0.499, 0.321, 1, 0.511, 0.426, 
0.47, 0.566, 0.298, 0.247, 0.459, 0.551, 0.37, 0.511, 1, 0.478, 
0.746, 0.447, 0.492, 0.424, 0.331, 0.431, 0.511, 0.426, 0.478, 
1), .Dim = c(10L, 10L), .Dimnames = list(c("I1", "I2", "I3", 
"I4", "I5", "I6", "I7", "I8", "I9", "I10"), c("I1", "I2", "I3", 
"I4", "I5", "I6", "I7", "I8", "I9", "I10"))), Liss2011 = structure(c(1, 
0.472, 0.42, 0.287, 0.402, 0.441, 0.47, 0.456, 0.445, 0.722, 
0.472, 1, 0.4, 0.174, 0.561, 0.708, 0.47, 0.556, 0.597, 0.529, 
0.42, 0.4, 1, 0.444, 0.475, 0.322, 0.707, 0.252, 0.334, 0.401, 
0.287, 0.174, 0.444, 1, 0.337, 0.133, 0.334, 0.15, 0.136, 0.245, 
0.402, 0.561, 0.475, 0.337, 1, 0.411, 0.406, 0.427, 0.442, 0.387, 
0.441, 0.708, 0.322, 0.133, 0.411, 1, 0.34, 0.606, 0.572, 0.525, 
0.47, 0.47, 0.707, 0.334, 0.406, 0.34, 1, 0.284, 0.352, 0.517, 
0.456, 0.556, 0.252, 0.15, 0.427, 0.606, 0.284, 1, 0.491, 0.511, 
0.445, 0.597, 0.334, 0.136, 0.442, 0.572, 0.352, 0.491, 1, 0.472, 
0.722, 0.529, 0.401, 0.245, 0.387, 0.525, 0.517, 0.511, 0.472, 
1), .Dim = c(10L, 10L), .Dimnames = list(c("I1", "I2", "I3", 
"I4", "I5", "I6", "I7", "I8", "I9", "I10"), c("I1", "I2", "I3", 
"I4", "I5", "I6", "I7", "I8", "I9", "I10"))), Liss2012 = structure(c(1, 
0.5, 0.445, 0.366, 0.409, 0.457, 0.473, 0.462, 0.497, 0.774, 
0.5, 1, 0.333, 0.278, 0.493, 0.738, 0.384, 0.539, 0.653, 0.516, 
0.445, 0.333, 1, 0.474, 0.37, 0.305, 0.664, 0.288, 0.346, 0.457, 
0.366, 0.278, 0.474, 1, 0.268, 0.284, 0.443, 0.241, 0.287, 0.403, 
0.409, 0.493, 0.37, 0.268, 1, 0.442, 0.345, 0.44, 0.524, 0.4, 
0.457, 0.738, 0.305, 0.284, 0.442, 1, 0.367, 0.53, 0.621, 0.502, 
0.473, 0.384, 0.664, 0.443, 0.345, 0.367, 1, 0.365, 0.421, 0.505, 
0.462, 0.539, 0.288, 0.241, 0.44, 0.53, 0.365, 1, 0.562, 0.523, 
0.497, 0.653, 0.346, 0.287, 0.524, 0.621, 0.421, 0.562, 1, 0.558, 
0.774, 0.516, 0.457, 0.403, 0.4, 0.502, 0.505, 0.523, 0.558, 
1), .Dim = c(10L, 10L), .Dimnames = list(c("I1", "I2", "I3", 
"I4", "I5", "I6", "I7", "I8", "I9", "I10"), c("I1", "I2", "I3", 
"I4", "I5", "I6", "I7", "I8", "I9", "I10"))), Liss2013 = structure(c(1, 
0.615, 0.614, 0.547, 0.46, 0.525, 0.66, 0.389, 0.545, 0.774, 
0.615, 1, 0.535, 0.451, 0.584, 0.802, 0.551, 0.571, 0.597, 0.533, 
0.614, 0.535, 1, 0.564, 0.517, 0.473, 0.697, 0.359, 0.446, 0.594, 
0.547, 0.451, 0.564, 1, 0.39, 0.36, 0.457, 0.236, 0.277, 0.472, 
0.46, 0.584, 0.517, 0.39, 1, 0.486, 0.451, 0.427, 0.547, 0.428, 
0.525, 0.802, 0.473, 0.36, 0.486, 1, 0.509, 0.6, 0.601, 0.509, 
0.66, 0.551, 0.697, 0.457, 0.451, 0.509, 1, 0.402, 0.485, 0.642, 
0.389, 0.571, 0.359, 0.236, 0.427, 0.6, 0.402, 1, 0.502, 0.47, 
0.545, 0.597, 0.446, 0.277, 0.547, 0.601, 0.485, 0.502, 1, 0.559, 
0.774, 0.533, 0.594, 0.472, 0.428, 0.509, 0.642, 0.47, 0.559, 
1), .Dim = c(10L, 10L), .Dimnames = list(c("I1", "I2", "I3", 
"I4", "I5", "I6", "I7", "I8", "I9", "I10"), c("I1", "I2", "I3", 
"I4", "I5", "I6", "I7", "I8", "I9", "I10"))), Liss2014 = structure(c(1, 
0.538, 0.491, 0.409, 0.465, 0.509, 0.544, 0.483, 0.565, 0.769, 
0.538, 1, 0.401, 0.309, 0.47, 0.705, 0.464, 0.544, 0.63, 0.518, 
0.491, 0.401, 1, 0.501, 0.368, 0.361, 0.615, 0.285, 0.341, 0.5, 
0.409, 0.309, 0.501, 1, 0.285, 0.33, 0.465, 0.285, 0.318, 0.448, 
0.465, 0.47, 0.368, 0.285, 1, 0.469, 0.407, 0.412, 0.518, 0.407, 
0.509, 0.705, 0.361, 0.33, 0.469, 1, 0.412, 0.537, 0.593, 0.507, 
0.544, 0.464, 0.615, 0.465, 0.407, 0.412, 1, 0.404, 0.445, 0.557, 
0.483, 0.544, 0.285, 0.285, 0.412, 0.537, 0.404, 1, 0.565, 0.514, 
0.565, 0.63, 0.341, 0.318, 0.518, 0.593, 0.445, 0.565, 1, 0.584, 
0.769, 0.518, 0.5, 0.448, 0.407, 0.507, 0.557, 0.514, 0.584, 
1), .Dim = c(10L, 10L), .Dimnames = list(c("I1", "I2", "I3", 
"I4", "I5", "I6", "I7", "I8", "I9", "I10"), c("I1", "I2", "I3", 
"I4", "I5", "I6", "I7", "I8", "I9", "I10"))), Liss2015 = structure(c(1, 
0.637, 0.605, 0.503, 0.539, 0.587, 0.55, 0.446, 0.563, 0.825, 
0.637, 1, 0.577, 0.474, 0.591, 0.836, 0.523, 0.606, 0.69, 0.603, 
0.605, 0.577, 1, 0.613, 0.552, 0.525, 0.673, 0.378, 0.564, 0.641, 
0.503, 0.474, 0.613, 1, 0.377, 0.409, 0.615, 0.26, 0.428, 0.505, 
0.539, 0.591, 0.552, 0.377, 1, 0.577, 0.45, 0.472, 0.604, 0.493, 
0.587, 0.836, 0.525, 0.409, 0.577, 1, 0.466, 0.615, 0.677, 0.55, 
0.55, 0.523, 0.673, 0.615, 0.45, 0.466, 1, 0.369, 0.454, 0.606, 
0.446, 0.606, 0.378, 0.26, 0.472, 0.615, 0.369, 1, 0.546, 0.451, 
0.563, 0.69, 0.564, 0.428, 0.604, 0.677, 0.454, 0.546, 1, 0.585, 
0.825, 0.603, 0.641, 0.505, 0.493, 0.55, 0.606, 0.451, 0.585, 
1), .Dim = c(10L, 10L), .Dimnames = list(c("I1", "I2", "I3", 
"I4", "I5", "I6", "I7", "I8", "I9", "I10"), c("I1", "I2", "I3", 
"I4", "I5", "I6", "I7", "I8", "I9", "I10"))), Neps2010b = structure(c(1, 
0.555, 0.395, 0.33, 0.489, 0.551, 0.386, 0.421, 0.527, 0.632, 
0.555, 1, 0.347, 0.288, 0.564, 0.679, 0.371, 0.484, 0.667, 0.56, 
0.395, 0.347, 1, 0.577, 0.486, 0.313, 0.422, 0.202, 0.346, 0.449, 
0.33, 0.288, 0.577, 1, 0.393, 0.252, 0.356, 0.17, 0.297, 0.325, 
0.489, 0.564, 0.486, 0.393, 1, 0.63, 0.434, 0.376, 0.563, 0.497, 
0.551, 0.679, 0.313, 0.252, 0.63, 1, 0.366, 0.413, 0.663, 0.467, 
0.386, 0.371, 0.422, 0.356, 0.434, 0.366, 1, 0.319, 0.375, 0.427, 
0.421, 0.484, 0.202, 0.17, 0.376, 0.413, 0.319, 1, 0.542, 0.492, 
0.527, 0.667, 0.346, 0.297, 0.563, 0.663, 0.375, 0.542, 1, 0.607, 
0.632, 0.56, 0.449, 0.325, 0.497, 0.467, 0.427, 0.492, 0.607, 
1), .Dim = c(10L, 10L), .Dimnames = list(c("I1", "I2", "I3", 
"I4", "I5", "I6", "I7", "I8", "I9", "I10"), c("I1", "I2", "I3", 
"I4", "I5", "I6", "I7", "I8", "I9", "I10"))), Neps2010c = structure(c(1, 
0.319, 0.21, 0.158, 0.238, 0.358, 0.218, 0.272, 0.324, 0.425, 
0.319, 1, 0.176, 0.133, 0.364, 0.566, 0.225, 0.414, 0.53, 0.405, 
0.21, 0.176, 1, 0.372, 0.234, 0.185, 0.373, 0.207, 0.211, 0.328, 
0.158, 0.133, 0.372, 1, 0.233, 0.156, 0.297, 0.148, 0.168, 0.242, 
0.238, 0.364, 0.234, 0.233, 1, 0.403, 0.265, 0.384, 0.366, 0.307, 
0.358, 0.566, 0.185, 0.156, 0.403, 1, 0.253, 0.404, 0.522, 0.42, 
0.218, 0.225, 0.373, 0.297, 0.265, 0.253, 1, 0.207, 0.261, 0.393, 
0.272, 0.414, 0.207, 0.148, 0.384, 0.404, 0.207, 1, 0.452, 0.384, 
0.324, 0.53, 0.211, 0.168, 0.366, 0.522, 0.261, 0.452, 1, 0.445, 
0.425, 0.405, 0.328, 0.242, 0.307, 0.42, 0.393, 0.384, 0.445, 
1), .Dim = c(10L, 10L), .Dimnames = list(c("I1", "I2", "I3", 
"I4", "I5", "I6", "I7", "I8", "I9", "I10"), c("I1", "I2", "I3", 
"I4", "I5", "I6", "I7", "I8", "I9", "I10"))), Neps2010d = structure(c(1, 
0.263, 0.3947, 0.375, 0.231, 0.333, 0.3199, 0.1423, 0.319, 0.455, 
0.263, 1, 0.1469, 0.17, 0.355, 0.511, 0.1625, 0.319, 0.46, 0.255, 
0.3947, 0.1469, 1, 0.46, 0.164, 0.21, 0.2818, 0.0856, 0.207, 
0.367, 0.375, 0.17, 0.46, 1, 0.159, 0.245, 0.2789, 0.1134, 0.242, 
0.35, 0.231, 0.355, 0.164, 0.159, 1, 0.424, 0.1862, 0.3207, 0.423, 
0.23, 0.333, 0.511, 0.21, 0.245, 0.424, 1, 0.1999, 0.325, 0.584, 
0.321, 0.3199, 0.1625, 0.2818, 0.2789, 0.1862, 0.1999, 1, 0.0285, 
0.189, 0.352, 0.1423, 0.319, 0.0856, 0.1134, 0.3207, 0.325, 0.0285, 
1, 0.346, 0.11, 0.319, 0.46, 0.207, 0.242, 0.423, 0.584, 0.189, 
0.346, 1, 0.301, 0.455, 0.255, 0.367, 0.35, 0.23, 0.321, 0.352, 
0.11, 0.301, 1), .Dim = c(10L, 10L), .Dimnames = list(c("I1", 
"I2", "I3", "I4", "I5", "I6", "I7", "I8", "I9", "I10"), c("I1", 
"I2", "I3", "I4", "I5", "I6", "I7", "I8", "I9", "I10"))), Neps2010e = structure(c(1, 
0.47, 0.522, 0.452, 0.472, 0.434, 0.446, 0.371, 0.534, 0.628, 
0.47, 1, 0.372, 0.354, 0.516, 0.626, 0.367, 0.45, 0.598, 0.5, 
0.522, 0.372, 1, 0.602, 0.435, 0.421, 0.465, 0.306, 0.416, 0.519, 
0.452, 0.354, 0.602, 1, 0.388, 0.388, 0.444, 0.257, 0.387, 0.442, 
0.472, 0.516, 0.435, 0.388, 1, 0.614, 0.407, 0.419, 0.559, 0.474, 
0.434, 0.626, 0.421, 0.388, 0.614, 1, 0.395, 0.422, 0.655, 0.538, 
0.446, 0.367, 0.465, 0.444, 0.407, 0.395, 1, 0.224, 0.401, 0.488, 
0.371, 0.45, 0.306, 0.257, 0.419, 0.422, 0.224, 1, 0.504, 0.405, 
0.534, 0.598, 0.416, 0.387, 0.559, 0.655, 0.401, 0.504, 1, 0.551, 
0.628, 0.5, 0.519, 0.442, 0.474, 0.538, 0.488, 0.405, 0.551, 
1), .Dim = c(10L, 10L), .Dimnames = list(c("I1", "I2", "I3", 
"I4", "I5", "I6", "I7", "I8", "I9", "I10"), c("I1", "I2", "I3", 
"I4", "I5", "I6", "I7", "I8", "I9", "I10"))), Neps2010f = structure(c(1, 
0.376, 0.251, 0.156, 0.301, 0.374, 0.247, 0.361, 0.369, 0.531, 
0.376, 1, 0.207, 0.139, 0.377, 0.572, 0.238, 0.409, 0.506, 0.419, 
0.251, 0.207, 1, 0.323, 0.31, 0.214, 0.308, 0.186, 0.24, 0.308, 
0.156, 0.139, 0.323, 1, 0.229, 0.14, 0.223, 0.143, 0.146, 0.212, 
0.301, 0.377, 0.31, 0.229, 1, 0.428, 0.283, 0.326, 0.396, 0.34, 
0.374, 0.572, 0.214, 0.14, 0.428, 1, 0.245, 0.392, 0.517, 0.422, 
0.247, 0.238, 0.308, 0.223, 0.283, 0.245, 1, 0.236, 0.28, 0.32, 
0.361, 0.409, 0.186, 0.143, 0.326, 0.392, 0.236, 1, 0.48, 0.458, 
0.369, 0.506, 0.24, 0.146, 0.396, 0.517, 0.28, 0.48, 1, 0.475, 
0.531, 0.419, 0.308, 0.212, 0.34, 0.422, 0.32, 0.458, 0.475, 
1), .Dim = c(10L, 10L), .Dimnames = list(c("I1", "I2", "I3", 
"I4", "I5", "I6", "I7", "I8", "I9", "I10"), c("I1", "I2", "I3", 
"I4", "I5", "I6", "I7", "I8", "I9", "I10"))), Opd2014a = structure(c(1, 
0.552, 0.513, 0.455, 0.568, 0.502, 0.577, 0.463, 0.59, 0.725, 
0.552, 1, 0.471, 0.416, 0.581, 0.732, 0.535, 0.515, 0.616, 0.584, 
0.513, 0.471, 1, 0.518, 0.495, 0.41, 0.668, 0.328, 0.475, 0.552, 
0.455, 0.416, 0.518, 1, 0.421, 0.39, 0.539, 0.304, 0.441, 0.47, 
0.568, 0.581, 0.495, 0.421, 1, 0.545, 0.528, 0.42, 0.633, 0.558, 
0.502, 0.732, 0.41, 0.39, 0.545, 1, 0.468, 0.496, 0.573, 0.522, 
0.577, 0.535, 0.668, 0.539, 0.528, 0.468, 1, 0.404, 0.547, 0.621, 
0.463, 0.515, 0.328, 0.304, 0.42, 0.496, 0.404, 1, 0.451, 0.493, 
0.59, 0.616, 0.475, 0.441, 0.633, 0.573, 0.547, 0.451, 1, 0.596, 
0.725, 0.584, 0.552, 0.47, 0.558, 0.522, 0.621, 0.493, 0.596, 
1), .Dim = c(10L, 10L), .Dimnames = list(c("I1", "I2", "I3", 
"I4", "I5", "I6", "I7", "I8", "I9", "I10"), c("I1", "I2", "I3", 
"I4", "I5", "I6", "I7", "I8", "I9", "I10"))), Opd2014b = structure(c(1, 
0.562, 0.525, 0.501, 0.548, 0.482, 0.596, 0.466, 0.579, 0.75, 
0.562, 1, 0.453, 0.428, 0.551, 0.729, 0.527, 0.508, 0.594, 0.571, 
0.525, 0.453, 1, 0.545, 0.483, 0.388, 0.68, 0.323, 0.473, 0.559, 
0.501, 0.428, 0.545, 1, 0.423, 0.396, 0.578, 0.313, 0.457, 0.508, 
0.548, 0.551, 0.483, 0.423, 1, 0.5, 0.523, 0.412, 0.617, 0.545, 
0.482, 0.729, 0.388, 0.396, 0.5, 1, 0.456, 0.487, 0.539, 0.509, 
0.596, 0.527, 0.68, 0.578, 0.523, 0.456, 1, 0.4, 0.555, 0.628, 
0.466, 0.508, 0.323, 0.313, 0.412, 0.487, 0.4, 1, 0.444, 0.497, 
0.579, 0.594, 0.473, 0.457, 0.617, 0.539, 0.555, 0.444, 1, 0.591, 
0.75, 0.571, 0.559, 0.508, 0.545, 0.509, 0.628, 0.497, 0.591, 
1), .Dim = c(10L, 10L), .Dimnames = list(c("I1", "I2", "I3", 
"I4", "I5", "I6", "I7", "I8", "I9", "I10"), c("I1", "I2", "I3", 
"I4", "I5", "I6", "I7", "I8", "I9", "I10"))), Opd2014c = structure(c(1, 
0.491, 0.418, 0.439, 0.603, 0.427, 0.521, 0.383, 0.611, 0.679, 
0.491, 1, 0.273, 0.347, 0.562, 0.705, 0.424, 0.417, 0.53, 0.538, 
0.418, 0.273, 1, 0.409, 0.384, 0.214, 0.575, 0.151, 0.421, 0.397, 
0.439, 0.347, 0.409, 1, 0.408, 0.333, 0.477, 0.206, 0.437, 0.418, 
0.603, 0.562, 0.384, 0.408, 1, 0.477, 0.459, 0.337, 0.646, 0.532, 
0.427, 0.705, 0.214, 0.333, 0.477, 1, 0.32, 0.386, 0.478, 0.451, 
0.521, 0.424, 0.575, 0.477, 0.459, 0.32, 1, 0.315, 0.531, 0.554, 
0.383, 0.417, 0.151, 0.206, 0.337, 0.386, 0.315, 1, 0.414, 0.431, 
0.611, 0.53, 0.421, 0.437, 0.646, 0.478, 0.531, 0.414, 1, 0.605, 
0.679, 0.538, 0.397, 0.418, 0.532, 0.451, 0.554, 0.431, 0.605, 
1), .Dim = c(10L, 10L), .Dimnames = list(c("I1", "I2", "I3", 
"I4", "I5", "I6", "I7", "I8", "I9", "I10"), c("I1", "I2", "I3", 
"I4", "I5", "I6", "I7", "I8", "I9", "I10"))), Opd2014d = structure(c(1, 
0.532, 0.503, 0.478, 0.556, 0.473, 0.577, 0.443, 0.576, 0.744, 
0.532, 1, 0.41, 0.427, 0.544, 0.732, 0.491, 0.495, 0.584, 0.55, 
0.503, 0.41, 1, 0.526, 0.469, 0.37, 0.643, 0.292, 0.448, 0.516, 
0.478, 0.427, 0.526, 1, 0.411, 0.404, 0.528, 0.329, 0.431, 0.481, 
0.556, 0.544, 0.469, 0.411, 1, 0.502, 0.498, 0.398, 0.62, 0.537, 
0.473, 0.732, 0.37, 0.404, 0.502, 1, 0.418, 0.475, 0.549, 0.49, 
0.577, 0.491, 0.643, 0.528, 0.498, 0.418, 1, 0.369, 0.515, 0.59, 
0.443, 0.495, 0.292, 0.329, 0.398, 0.475, 0.369, 1, 0.415, 0.477, 
0.576, 0.584, 0.448, 0.431, 0.62, 0.549, 0.515, 0.415, 1, 0.573, 
0.744, 0.55, 0.516, 0.481, 0.537, 0.49, 0.59, 0.477, 0.573, 1
), .Dim = c(10L, 10L), .Dimnames = list(c("I1", "I2", "I3", "I4", 
"I5", "I6", "I7", "I8", "I9", "I10"), c("I1", "I2", "I3", "I4", 
"I5", "I6", "I7", "I8", "I9", "I10"))), Opd2014e = structure(c(1, 
0.557, 0.538, 0.477, 0.569, 0.504, 0.577, 0.466, 0.584, 0.732, 
0.557, 1, 0.476, 0.415, 0.579, 0.732, 0.511, 0.526, 0.618, 0.579, 
0.538, 0.476, 1, 0.552, 0.51, 0.42, 0.668, 0.323, 0.463, 0.581, 
0.477, 0.415, 0.552, 1, 0.433, 0.387, 0.553, 0.302, 0.411, 0.483, 
0.569, 0.579, 0.51, 0.433, 1, 0.555, 0.529, 0.443, 0.63, 0.551, 
0.504, 0.732, 0.42, 0.387, 0.555, 1, 0.449, 0.505, 0.579, 0.496, 
0.577, 0.511, 0.668, 0.553, 0.529, 0.449, 1, 0.384, 0.522, 0.626, 
0.466, 0.526, 0.323, 0.302, 0.443, 0.505, 0.384, 1, 0.46, 0.48, 
0.584, 0.618, 0.463, 0.411, 0.63, 0.579, 0.522, 0.46, 1, 0.558, 
0.732, 0.579, 0.581, 0.483, 0.551, 0.496, 0.626, 0.48, 0.558, 
1), .Dim = c(10L, 10L), .Dimnames = list(c("I1", "I2", "I3", 
"I4", "I5", "I6", "I7", "I8", "I9", "I10"), c("I1", "I2", "I3", 
"I4", "I5", "I6", "I7", "I8", "I9", "I10"))), Opd2014f = structure(c(1, 
0.389, 0.394, 0.361, 0.365, 0.389, 0.378, 0.253, 0.436, 0.615, 
0.389, 1, 0.262, 0.195, 0.438, 0.706, 0.294, 0.414, 0.485, 0.379, 
0.394, 0.262, 1, 0.46, 0.266, 0.201, 0.576, 0.11, 0.305, 0.481, 
0.361, 0.195, 0.46, 1, 0.194, 0.166, 0.457, 0.09, 0.232, 0.447, 
0.365, 0.438, 0.266, 0.194, 1, 0.442, 0.264, 0.309, 0.492, 0.371, 
0.389, 0.706, 0.201, 0.166, 0.442, 1, 0.26, 0.419, 0.486, 0.386, 
0.378, 0.294, 0.576, 0.457, 0.264, 0.26, 1, 0.207, 0.333, 0.49, 
0.253, 0.414, 0.11, 0.09, 0.309, 0.419, 0.207, 1, 0.332, 0.238, 
0.436, 0.485, 0.305, 0.232, 0.492, 0.486, 0.333, 0.332, 1, 0.433, 
0.615, 0.379, 0.481, 0.447, 0.371, 0.386, 0.49, 0.238, 0.433, 
1), .Dim = c(10L, 10L), .Dimnames = list(c("I1", "I2", "I3", 
"I4", "I5", "I6", "I7", "I8", "I9", "I10"), c("I1", "I2", "I3", 
"I4", "I5", "I6", "I7", "I8", "I9", "I10"))), Opd2014g = structure(c(1, 
0.463, 0.452, 0.457, 0.521, 0.435, 0.568, 0.44, 0.524, 0.756, 
0.463, 1, 0.3, 0.322, 0.503, 0.721, 0.423, 0.494, 0.597, 0.471, 
0.452, 0.3, 1, 0.518, 0.43, 0.241, 0.685, 0.216, 0.375, 0.499, 
0.457, 0.322, 0.518, 1, 0.37, 0.269, 0.583, 0.285, 0.391, 0.444, 
0.521, 0.503, 0.43, 0.37, 1, 0.444, 0.478, 0.413, 0.594, 0.523, 
0.435, 0.721, 0.241, 0.269, 0.444, 1, 0.353, 0.46, 0.503, 0.409, 
0.568, 0.423, 0.685, 0.583, 0.478, 0.353, 1, 0.328, 0.503, 0.606, 
0.44, 0.494, 0.216, 0.285, 0.413, 0.46, 0.328, 1, 0.469, 0.458, 
0.524, 0.597, 0.375, 0.391, 0.594, 0.503, 0.503, 0.469, 1, 0.538, 
0.756, 0.471, 0.499, 0.444, 0.523, 0.409, 0.606, 0.458, 0.538, 
1), .Dim = c(10L, 10L), .Dimnames = list(c("I1", "I2", "I3", 
"I4", "I5", "I6", "I7", "I8", "I9", "I10"), c("I1", "I2", "I3", 
"I4", "I5", "I6", "I7", "I8", "I9", "I10"))), Opd2014h = structure(c(1, 
0.361, 0.479, 0.422, 0.309, 0.307, 0.515, 0.115, 0.343, 0.621, 
0.361, 1, 0.195, 0.1558, 0.476, 0.693, 0.212, 0.327, 0.552, 0.33, 
0.479, 0.195, 1, 0.53, 0.243, 0.183, 0.677, 0.03, 0.211, 0.532, 
0.422, 0.1558, 0.53, 1, 0.184, 0.153, 0.546, 0.012, 0.189, 0.463, 
0.309, 0.476, 0.243, 0.184, 1, 0.49, 0.257, 0.338, 0.594, 0.362, 
0.307, 0.693, 0.183, 0.153, 0.49, 1, 0.178, 0.328, 0.528, 0.286, 
0.515, 0.212, 0.677, 0.546, 0.257, 0.178, 1, 0.051, 0.257, 0.559, 
0.115, 0.327, 0.03, 0.012, 0.338, 0.328, 0.051, 1, 0.317, 0.09, 
0.343, 0.552, 0.211, 0.189, 0.594, 0.528, 0.257, 0.317, 1, 0.383, 
0.621, 0.33, 0.532, 0.463, 0.362, 0.286, 0.559, 0.09, 0.383, 
1), .Dim = c(10L, 10L), .Dimnames = list(c("I1", "I2", "I3", 
"I4", "I5", "I6", "I7", "I8", "I9", "I10"), c("I1", "I2", "I3", 
"I4", "I5", "I6", "I7", "I8", "I9", "I10"))), Opd2014i = structure(c(1, 
0.273, 0.546, 0.385, 0.247, 0.223, 0.54, 0.084, 0.339, 0.7, 0.273, 
1, 0.054, 0.108, 0.54, 0.641, 0.172, 0.375, 0.538, 0.266, 0.546, 
0.054, 1, 0.453, 0.074, 0.047, 0.632, -0.027, 0.091, 0.598, 0.385, 
0.108, 0.453, 1, 0.084, 0.112, 0.557, 0.025, 0.086, 0.438, 0.247, 
0.54, 0.074, 0.084, 1, 0.438, 0.179, 0.404, 0.557, 0.198, 0.223, 
0.641, 0.047, 0.112, 0.438, 1, 0.062, 0.431, 0.523, 0.233, 0.54, 
0.172, 0.632, 0.557, 0.179, 0.062, 1, 0.048, 0.167, 0.517, 0.084, 
0.375, -0.027, 0.025, 0.404, 0.431, 0.048, 1, 0.377, 0.114, 0.339, 
0.538, 0.091, 0.086, 0.557, 0.523, 0.167, 0.377, 1, 0.264, 0.7, 
0.266, 0.598, 0.438, 0.198, 0.233, 0.517, 0.114, 0.264, 1), .Dim = c(10L, 
10L), .Dimnames = list(c("I1", "I2", "I3", "I4", "I5", "I6", 
"I7", "I8", "I9", "I10"), c("I1", "I2", "I3", "I4", "I5", "I6", 
"I7", "I8", "I9", "I10"))), Opd2014j = structure(c(1, 0.134, 
0.46, 0.503, 0.097, 0.184, 0.572, -0.058, 0.213, 0.681, 0.134, 
1, 0.31, 0.132, 0.529, 0.698, 0.308, 0.463, 0.717, 0.296, 0.46, 
0.31, 1, 0.521, 0.174, 0.132, 0.677, 0, 0.302, 0.579, 0.503, 
0.132, 0.521, 1, 0.076, 0.095, 0.515, -0.092, 0.162, 0.548, 0.097, 
0.529, 0.174, 0.076, 1, 0.526, 0.177, 0.355, 0.606, 0.09, 0.184, 
0.698, 0.132, 0.095, 0.526, 1, 0.254, 0.432, 0.663, 0.218, 0.572, 
0.308, 0.677, 0.515, 0.177, 0.254, 1, 0.062, 0.284, 0.609, -0.058, 
0.463, 0, -0.092, 0.355, 0.432, 0.062, 1, 0.457, -0.041, 0.213, 
0.717, 0.302, 0.162, 0.606, 0.663, 0.284, 0.457, 1, 0.269, 0.681, 
0.296, 0.579, 0.548, 0.09, 0.218, 0.609, -0.041, 0.269, 1), .Dim = c(10L, 
10L), .Dimnames = list(c("I1", "I2", "I3", "I4", "I5", "I6", 
"I7", "I8", "I9", "I10"), c("I1", "I2", "I3", "I4", "I5", "I6", 
"I7", "I8", "I9", "I10"))), Portes2012 = structure(c(1, 0.32, 
0.373, 0.316, 0.275, 0.292, 0.253, 0.245, 0.338, 0.541, 0.32, 
1, 0.245, 0.213, 0.336, 0.604, 0.154, 0.358, 0.397, 0.328, 0.373, 
0.245, 1, 0.436, 0.32, 0.224, 0.442, 0.183, 0.341, 0.414, 0.316, 
0.213, 0.436, 1, 0.267, 0.199, 0.304, 0.167, 0.291, 0.368, 0.275, 
0.336, 0.32, 0.267, 1, 0.312, 0.232, 0.262, 0.438, 0.301, 0.292, 
0.604, 0.224, 0.199, 0.312, 1, 0.146, 0.381, 0.34, 0.314, 0.253, 
0.154, 0.442, 0.304, 0.232, 0.146, 1, 0.152, 0.211, 0.279, 0.245, 
0.358, 0.183, 0.167, 0.262, 0.381, 0.152, 1, 0.264, 0.27, 0.338, 
0.397, 0.341, 0.291, 0.438, 0.34, 0.211, 0.264, 1, 0.333, 0.541, 
0.328, 0.414, 0.368, 0.301, 0.314, 0.279, 0.27, 0.333, 1), .Dim = c(10L, 
10L), .Dimnames = list(c("I1", "I2", "I3", "I4", "I5", "I6", 
"I7", "I8", "I9", "I10"), c("I1", "I2", "I3", "I4", "I5", "I6", 
"I7", "I8", "I9", "I10"))), Shahni1990 = structure(c(1, 0.33, 
0.23, 0.23, 0.23, 0.31, 0.15, 0.35, 0.29, 0.56, 0.33, 1, 0.12, 
0.15, 0.3, 0.57, 0.06, 0.41, 0.38, 0.27, 0.23, 0.12, 1, 0.36, 
0.12, 0.08, 0.55, 0.12, 0.2, 0.31, 0.23, 0.15, 0.36, 1, 0.11, 
0.13, 0.26, 0.16, 0.16, 0.26, 0.23, 0.3, 0.12, 0.11, 1, 0.33, 
0.1, 0.31, 0.04, 0.21, 0.31, 0.57, 0.08, 0.13, 0.33, 1, 0.06, 
0.44, 0.32, 0.24, 0.15, 0.06, 0.55, 0.26, 0.1, 0.06, 1, 0.1, 
0.15, 0.21, 0.35, 0.41, 0.12, 0.16, 0.31, 0.44, 0.1, 1, 0.3, 
0.32, 0.29, 0.38, 0.2, 0.16, 0.04, 0.32, 0.15, 0.3, 1, 0.28, 
0.56, 0.27, 0.31, 0.26, 0.21, 0.24, 0.21, 0.32, 0.28, 1), .Dim = c(10L, 
10L), .Dimnames = list(c("I1", "I2", "I3", "I4", "I5", "I6", 
"I7", "I8", "I9", "I10"), c("I1", "I2", "I3", "I4", "I5", "I6", 
"I7", "I8", "I9", "I10"))), Song2011a = structure(c(1, 0.47, 
0.52, 0.44, 0.56, 0.45, 0.58, 0.44, 0.51, 0.62, 0.47, 1, 0.37, 
0.37, 0.47, 0.61, 0.38, 0.46, 0.53, 0.48, 0.52, 0.37, 1, 0.52, 
0.55, 0.36, 0.46, 0.38, 0.41, 0.55, 0.44, 0.37, 0.52, 1, 0.46, 
0.35, 0.49, 0.35, 0.39, 0.43, 0.56, 0.47, 0.55, 0.46, 1, 0.48, 
0.55, 0.43, 0.57, 0.52, 0.45, 0.61, 0.36, 0.35, 0.48, 1, 0.4, 
0.58, 0.56, 0.43, 0.58, 0.38, 0.46, 0.49, 0.55, 0.4, 1, 0.38, 
0.5, 0.48, 0.44, 0.46, 0.38, 0.35, 0.43, 0.58, 0.38, 1, 0.49, 
0.47, 0.51, 0.53, 0.41, 0.39, 0.57, 0.56, 0.5, 0.49, 1, 0.5, 
0.62, 0.48, 0.55, 0.43, 0.52, 0.43, 0.48, 0.47, 0.5, 1), .Dim = c(10L, 
10L), .Dimnames = list(c("I1", "I2", "I3", "I4", "I5", "I6", 
"I7", "I8", "I9", "I10"), c("I1", "I2", "I3", "I4", "I5", "I6", 
"I7", "I8", "I9", "I10"))), Song2011b = structure(c(1, 0.29, 
0.44, 0.38, 0.22, 0.24, 0.4, 0.17, 0.43, 0.41, 0.29, 1, 0.28, 
0.34, 0.33, 0.58, 0.26, 0.33, 0.47, 0.41, 0.44, 0.28, 1, 0.46, 
0.3, 0.29, 0.36, 0.12, 0.4, 0.46, 0.38, 0.34, 0.46, 1, 0.19, 
0.23, 0.51, 0.02, 0.4, 0.37, 0.22, 0.33, 0.3, 0.19, 1, 0.4, 0.23, 
0.07, 0.47, 0.34, 0.24, 0.58, 0.29, 0.23, 0.4, 1, 0.3, 0.23, 
0.5, 0.41, 0.4, 0.26, 0.36, 0.51, 0.23, 0.3, 1, 0.03, 0.39, 0.44, 
0.17, 0.33, 0.12, 0.02, 0.07, 0.23, 0.03, 1, 0.16, 0.14, 0.43, 
0.47, 0.4, 0.4, 0.47, 0.5, 0.39, 0.16, 1, 0.62, 0.41, 0.41, 0.46, 
0.37, 0.34, 0.41, 0.44, 0.14, 0.62, 1), .Dim = c(10L, 10L), .Dimnames = list(
    c("I1", "I2", "I3", "I4", "I5", "I6", "I7", "I8", "I9", "I10"
    ), c("I1", "I2", "I3", "I4", "I5", "I6", "I7", "I8", "I9", 
    "I10"))), Vasconcelos2012 = structure(c(1, 0.27, 0.44, 0.42, 
0.23, 0.3, 0.37, 0.22, 0.34, 0.47, 0.27, 1, 0.31, 0.26, 0.41, 
0.52, 0.26, 0.38, 0.42, 0.32, 0.44, 0.31, 1, 0.52, 0.31, 0.36, 
0.48, 0.25, 0.37, 0.46, 0.42, 0.26, 0.52, 1, 0.27, 0.29, 0.49, 
0.2, 0.37, 0.44, 0.23, 0.41, 0.31, 0.27, 1, 0.46, 0.27, 0.36, 
0.49, 0.35, 0.3, 0.52, 0.36, 0.29, 0.46, 1, 0.29, 0.39, 0.57, 
0.38, 0.37, 0.26, 0.48, 0.49, 0.27, 0.29, 1, 0.18, 0.4, 0.47, 
0.22, 0.38, 0.25, 0.2, 0.36, 0.39, 0.18, 1, 0.42, 0.28, 0.34, 
0.42, 0.37, 0.37, 0.49, 0.57, 0.4, 0.42, 1, 0.44, 0.47, 0.32, 
0.46, 0.44, 0.35, 0.38, 0.47, 0.28, 0.44, 1), .Dim = c(10L, 10L
), .Dimnames = list(c("I1", "I2", "I3", "I4", "I5", "I6", "I7", 
"I8", "I9", "I10"), c("I1", "I2", "I3", "I4", "I5", "I6", "I7", 
"I8", "I9", "I10"))), Welsh2011 = structure(c(1, 0.408, 0.431, 
0.451, 0.287, 0.46, 0.428, 0.388, 0.401, 0.579, 0.408, 1, 0.326, 
0.264, 0.41, 0.632, 0.362, 0.528, 0.471, 0.425, 0.431, 0.326, 
1, 0.401, 0.284, 0.304, 0.594, 0.316, 0.341, 0.467, 0.451, 0.264, 
0.401, 1, 0.237, 0.369, 0.395, 0.227, 0.227, 0.374, 0.287, 0.41, 
0.284, 0.237, 1, 0.415, 0.294, 0.45, 0.437, 0.311, 0.46, 0.632, 
0.304, 0.369, 0.415, 1, 0.359, 0.535, 0.485, 0.435, 0.428, 0.362, 
0.594, 0.395, 0.294, 0.359, 1, 0.399, 0.409, 0.505, 0.388, 0.528, 
0.316, 0.227, 0.45, 0.535, 0.399, 1, 0.506, 0.462, 0.401, 0.471, 
0.341, 0.227, 0.437, 0.485, 0.409, 0.506, 1, 0.463, 0.579, 0.425, 
0.467, 0.374, 0.311, 0.435, 0.505, 0.462, 0.463, 1), .Dim = c(10L, 
10L), .Dimnames = list(c("I1", "I2", "I3", "I4", "I5", "I6", 
"I7", "I8", "I9", "I10"), c("I1", "I2", "I3", "I4", "I5", "I6", 
"I7", "I8", "I9", "I10"))), Whiteside2003a = structure(c(1, 0.3, 
0.39, 0.51, 0.17, 0.33, 0.29, 0, 0.42, 0.44, 0.3, 1, 0.15, 0.37, 
0.56, 0.24, 0.15, 0.5, 0.28, 0.49, 0.39, 0.15, 1, 0.32, 0.23, 
0.38, 0.17, 0.31, 0.4, 0.25, 0.51, 0.37, 0.32, 1, 0.28, 0.38, 
0, 0.51, 0.46, 0.4, 0.17, 0.56, 0.23, 0.28, 1, 0.25, 0.26, 0.39, 
0.24, 0.25, 0.33, 0.24, 0.38, 0.38, 0.25, 1, 0.26, 0.39, 0.44, 
0.29, 0.29, 0.15, 0.17, 0, 0.26, 0.26, 1, 0.05, 0.32, 0.38, 0, 
0.5, 0.31, 0.51, 0.39, 0.39, 0.05, 1, 0.08, 0.07, 0.42, 0.28, 
0.4, 0.46, 0.24, 0.44, 0.32, 0.08, 1, 0.37, 0.44, 0.49, 0.25, 
0.4, 0.25, 0.29, 0.38, 0.07, 0.37, 1), .Dim = c(10L, 10L), .Dimnames = list(
    c("I1", "I2", "I3", "I4", "I5", "I6", "I7", "I8", "I9", "I10"
    ), c("I1", "I2", "I3", "I4", "I5", "I6", "I7", "I8", "I9", 
    "I10"))), Whiteside2003b = structure(c(1, 0.07, 0.28, 0.21, 
0.17, 0.23, 0.25, 0.14, 0.22, 0.41, 0.07, 1, 0.26, 0.23, 0.46, 
0.56, 0.23, 0.42, 0.52, 0.26, 0.28, 0.26, 1, 0.53, 0.28, 0.24, 
0.43, 0.16, 0.43, 0.47, 0.21, 0.23, 0.53, 1, 0.25, 0.27, 0.35, 
0.15, 0.37, 0.4, 0.17, 0.46, 0.28, 0.25, 1, 0.47, 0.29, 0.41, 
0.59, 0.34, 0.23, 0.56, 0.24, 0.27, 0.47, 1, 0.3, 0.38, 0.5, 
0.34, 0.25, 0.23, 0.43, 0.35, 0.29, 0.3, 1, 0.13, 0.38, 0.42, 
0.14, 0.42, 0.16, 0.15, 0.41, 0.38, 0.13, 1, 0.45, 0.28, 0.22, 
0.52, 0.43, 0.37, 0.59, 0.5, 0.38, 0.45, 1, 0.43, 0.41, 0.26, 
0.47, 0.4, 0.34, 0.34, 0.42, 0.28, 0.43, 1), .Dim = c(10L, 10L
), .Dimnames = list(c("I1", "I2", "I3", "I4", "I5", "I6", "I7", 
"I8", "I9", "I10"), c("I1", "I2", "I3", "I4", "I5", "I6", "I7", 
"I8", "I9", "I10"))), Bagley1997a = structure(c(1, 0.4623, 0.4485, 
0.4071, 0.4899, 0.4554, 0.3795, 0.4416, 0.5175, 0.5175, 0.4623, 
1, 0.4355, 0.3953, 0.4757, 0.4422, 0.3685, 0.4288, 0.5025, 0.5025, 
0.4485, 0.4355, 1, 0.3835, 0.4615, 0.429, 0.3575, 0.416, 0.4875, 
0.4875, 0.4071, 0.3953, 0.3835, 1, 0.4189, 0.3894, 0.3245, 0.3776, 
0.4425, 0.4425, 0.4899, 0.4757, 0.4615, 0.4189, 1, 0.4686, 0.3905, 
0.4544, 0.5325, 0.5325, 0.4554, 0.4422, 0.429, 0.3894, 0.4686, 
1, 0.363, 0.4224, 0.495, 0.495, 0.3795, 0.3685, 0.3575, 0.3245, 
0.3905, 0.363, 1, 0.352, 0.4125, 0.4125, 0.4416, 0.4288, 0.416, 
0.3776, 0.4544, 0.4224, 0.352, 1, 0.48, 0.48, 0.5175, 0.5025, 
0.4875, 0.4425, 0.5325, 0.495, 0.4125, 0.48, 1, 0.5625, 0.5175, 
0.5025, 0.4875, 0.4425, 0.5325, 0.495, 0.4125, 0.48, 0.5625, 
1), .Dim = c(10L, 10L), .Dimnames = list(c("I1", "I2", "I3", 
"I4", "I5", "I6", "I7", "I8", "I9", "I10"), c("I1", "I2", "I3", 
"I4", "I5", "I6", "I7", "I8", "I9", "I10"))), Bagley1997b = structure(c(1, 
0.4864, 0.5548, 0.494, 0.5624, 0.4788, 0.5092, 0.5016, 0.5852, 
0.608, 0.4864, 1, 0.4672, 0.416, 0.4736, 0.4032, 0.4288, 0.4224, 
0.4928, 0.512, 0.5548, 0.4672, 1, 0.4745, 0.5402, 0.4599, 0.4891, 
0.4818, 0.5621, 0.584, 0.494, 0.416, 0.4745, 1, 0.481, 0.4095, 
0.4355, 0.429, 0.5005, 0.52, 0.5624, 0.4736, 0.5402, 0.481, 1, 
0.4662, 0.4958, 0.4884, 0.5698, 0.592, 0.4788, 0.4032, 0.4599, 
0.4095, 0.4662, 1, 0.4221, 0.4158, 0.4851, 0.504, 0.5092, 0.4288, 
0.4891, 0.4355, 0.4958, 0.4221, 1, 0.4422, 0.5159, 0.536, 0.5016, 
0.4224, 0.4818, 0.429, 0.4884, 0.4158, 0.4422, 1, 0.5082, 0.528, 
0.5852, 0.4928, 0.5621, 0.5005, 0.5698, 0.4851, 0.5159, 0.5082, 
1, 0.616, 0.608, 0.512, 0.584, 0.52, 0.592, 0.504, 0.536, 0.528, 
0.616, 1), .Dim = c(10L, 10L), .Dimnames = list(c("I1", "I2", 
"I3", "I4", "I5", "I6", "I7", "I8", "I9", "I10"), c("I1", "I2", 
"I3", "I4", "I5", "I6", "I7", "I8", "I9", "I10"))), Chao2017a = structure(c(1, 
0.2968, 0.3752, 0.3024, 0.2968, 0.3584, 0.3304, 0.2856, 0.3696, 
0.3864, 0.2968, 1, 0.3551, 0.2862, 0.2809, 0.3392, 0.3127, 0.2703, 
0.3498, 0.3657, 0.3752, 0.3551, 1, 0.3618, 0.3551, 0.4288, 0.3953, 
0.3417, 0.4422, 0.4623, 0.3024, 0.2862, 0.3618, 1, 0.2862, 0.3456, 
0.3186, 0.2754, 0.3564, 0.3726, 0.2968, 0.2809, 0.3551, 0.2862, 
1, 0.3392, 0.3127, 0.2703, 0.3498, 0.3657, 0.3584, 0.3392, 0.4288, 
0.3456, 0.3392, 1, 0.3776, 0.3264, 0.4224, 0.4416, 0.3304, 0.3127, 
0.3953, 0.3186, 0.3127, 0.3776, 1, 0.3009, 0.3894, 0.4071, 0.2856, 
0.2703, 0.3417, 0.2754, 0.2703, 0.3264, 0.3009, 1, 0.3366, 0.3519, 
0.3696, 0.3498, 0.4422, 0.3564, 0.3498, 0.4224, 0.3894, 0.3366, 
1, 0.4554, 0.3864, 0.3657, 0.4623, 0.3726, 0.3657, 0.4416, 0.4071, 
0.3519, 0.4554, 1), .Dim = c(10L, 10L), .Dimnames = list(c("I1", 
"I2", "I3", "I4", "I5", "I6", "I7", "I8", "I9", "I10"), c("I1", 
"I2", "I3", "I4", "I5", "I6", "I7", "I8", "I9", "I10"))), Chao2017b = structure(c(1, 
0.4284, 0.3906, 0.3591, 0.3843, 0.4221, 0.2646, 0.3654, 0.3906, 
0.4284, 0.4284, 1, 0.4216, 0.3876, 0.4148, 0.4556, 0.2856, 0.3944, 
0.4216, 0.4624, 0.3906, 0.4216, 1, 0.3534, 0.3782, 0.4154, 0.2604, 
0.3596, 0.3844, 0.4216, 0.3591, 0.3876, 0.3534, 1, 0.3477, 0.3819, 
0.2394, 0.3306, 0.3534, 0.3876, 0.3843, 0.4148, 0.3782, 0.3477, 
1, 0.4087, 0.2562, 0.3538, 0.3782, 0.4148, 0.4221, 0.4556, 0.4154, 
0.3819, 0.4087, 1, 0.2814, 0.3886, 0.4154, 0.4556, 0.2646, 0.2856, 
0.2604, 0.2394, 0.2562, 0.2814, 1, 0.2436, 0.2604, 0.2856, 0.3654, 
0.3944, 0.3596, 0.3306, 0.3538, 0.3886, 0.2436, 1, 0.3596, 0.3944, 
0.3906, 0.4216, 0.3844, 0.3534, 0.3782, 0.4154, 0.2604, 0.3596, 
1, 0.4216, 0.4284, 0.4624, 0.4216, 0.3876, 0.4148, 0.4556, 0.2856, 
0.3944, 0.4216, 1), .Dim = c(10L, 10L), .Dimnames = list(c("I1", 
"I2", "I3", "I4", "I5", "I6", "I7", "I8", "I9", "I10"), c("I1", 
"I2", "I3", "I4", "I5", "I6", "I7", "I8", "I9", "I10"))), Dobson1979 = structure(c(1, 
0.2112, 0.2356, 0.1778, 0.235, 0.1876, 0.2464, 0.1656, 0.2156, 
0.197, 0.2112, 1, 0.1827, 0.2616, 0.3885, 0.5502, 0.2013, 0.3582, 
0.3267, 0.246, 0.2356, 0.1827, 1, 0.2602, 0.3249, 0.1526, 0.4323, 
0.1914, 0.3113, 0.3078, 0.1778, 0.2616, 0.2602, 1, 0.2731, 0.2338, 
0.2728, 0.198, 0.2486, 0.2237, 0.235, 0.3885, 0.3249, 0.2731, 
1, 0.35, 0.3421, 0.2802, 0.3333, 0.2927, 0.1876, 0.5502, 0.1526, 
0.2338, 0.35, 1, 0.1694, 0.3276, 0.2926, 0.217, 0.2464, 0.2013, 
0.4323, 0.2728, 0.3421, 0.1694, 1, 0.2046, 0.3267, 0.3212, 0.1656, 
0.3582, 0.1914, 0.198, 0.2802, 0.3276, 0.2046, 1, 0.2442, 0.2004, 
0.2156, 0.3267, 0.3113, 0.2486, 0.3333, 0.2926, 0.3267, 0.2442, 
1, 0.2706, 0.197, 0.246, 0.3078, 0.2237, 0.2927, 0.217, 0.3212, 
0.2004, 0.2706, 1), .Dim = c(10L, 10L), .Dimnames = list(c("I1", 
"I2", "I3", "I4", "I5", "I6", "I7", "I8", "I9", "I10"), c("I1", 
"I2", "I3", "I4", "I5", "I6", "I7", "I8", "I9", "I10"))), Farid2013 = structure(c(1, 
-0.01072, 0.452756, 0.392052, -0.08666, -0.080088, 0.572268, 
0.032256, -0.064992, 0.488544, -0.01072, 1, 0.126594, 0.168022, 
0.325578, 0.451936, 0.013738, 0.267692, 0.454888, 0.00886000000000001, 
0.452756, 0.126594, 1, 0.39674, 0.058054, 0.114347, 0.48608, 
0.134653, 0.12821, 0.413813, 0.392052, 0.168022, 0.39674, 1, 
0.106357, 0.177007, 0.425239, 0.163067, 0.189574, 0.361531, -0.08666, 
0.325578, 0.058054, 0.106357, 1, 0.445261, -0.067097, 0.252557, 
0.445978, -0.060035, -0.080088, 0.451936, 0.114347, 0.177007, 
0.445261, 1, -0.050807, 0.353588, 0.615328, -0.047204, 0.572268, 
0.013738, 0.48608, 0.425239, -0.067097, -0.050807, 1, 0.053813, 
-0.034694, 0.515029, 0.032256, 0.267692, 0.134653, 0.163067, 
0.252557, 0.353588, 0.053813, 1, 0.357068, 0.043658, -0.064992, 
0.454888, 0.12821, 0.189574, 0.445978, 0.615328, -0.034694, 0.357068, 
1, -0.033476, 0.488544, 0.00886000000000001, 0.413813, 0.361531, 
-0.060035, -0.047204, 0.515029, 0.043658, -0.033476, 1), .Dim = c(10L, 
10L), .Dimnames = list(c("I1", "I2", "I3", "I4", "I5", "I6", 
"I7", "I8", "I9", "I10"), c("I1", "I2", "I3", "I4", "I5", "I6", 
"I7", "I8", "I9", "I10"))), Franck2008 = structure(c(1, 0.3016, 
0.3132, 0.3074, 0.4002, 0.3364, 0.4292, 0.377, 0.3944, 0.4176, 
0.3016, 1, 0.2808, 0.2756, 0.3588, 0.3016, 0.3848, 0.338, 0.3536, 
0.3744, 0.3132, 0.2808, 1, 0.2862, 0.3726, 0.3132, 0.3996, 0.351, 
0.3672, 0.3888, 0.3074, 0.2756, 0.2862, 1, 0.3657, 0.3074, 0.3922, 
0.3445, 0.3604, 0.3816, 0.4002, 0.3588, 0.3726, 0.3657, 1, 0.4002, 
0.5106, 0.4485, 0.4692, 0.4968, 0.3364, 0.3016, 0.3132, 0.3074, 
0.4002, 1, 0.4292, 0.377, 0.3944, 0.4176, 0.4292, 0.3848, 0.3996, 
0.3922, 0.5106, 0.4292, 1, 0.481, 0.5032, 0.5328, 0.377, 0.338, 
0.351, 0.3445, 0.4485, 0.377, 0.481, 1, 0.442, 0.468, 0.3944, 
0.3536, 0.3672, 0.3604, 0.4692, 0.3944, 0.5032, 0.442, 1, 0.4896, 
0.4176, 0.3744, 0.3888, 0.3816, 0.4968, 0.4176, 0.5328, 0.468, 
0.4896, 1), .Dim = c(10L, 10L), .Dimnames = list(c("I1", "I2", 
"I3", "I4", "I5", "I6", "I7", "I8", "I9", "I10"), c("I1", "I2", 
"I3", "I4", "I5", "I6", "I7", "I8", "I9", "I10"))), Goldsmith1982 = structure(c(1, 
0.4103, 0.6459, 0.519, 0.5876, 0.4634, 0.667, 0.358, 0.6658, 
0.6819, 0.4103, 1, 0.2366, 0.33, 0.4069, 0.5737, 0.3345, 0.4478, 
0.4003, 0.4771, 0.6459, 0.2366, 1, 0.573, 0.6279, 0.3369, 0.7925, 
0.2574, 0.7495, 0.7256, 0.519, 0.33, 0.573, 1, 0.507, 0.381, 
0.585, 0.294, 0.579, 0.588, 0.5876, 0.4069, 0.6279, 0.507, 1, 
0.4576, 0.65, 0.3536, 0.65, 0.6669, 0.4634, 0.5737, 0.3369, 0.381, 
0.4576, 1, 0.419, 0.4364, 0.4706, 0.5349, 0.667, 0.3345, 0.7925, 
0.585, 0.65, 0.419, 1, 0.322, 0.759, 0.7525, 0.358, 0.4478, 0.2574, 
0.294, 0.3536, 0.4364, 0.322, 1, 0.3628, 0.4134, 0.6658, 0.4003, 
0.7495, 0.579, 0.65, 0.4706, 0.759, 0.3628, 1, 0.7535, 0.6819, 
0.4771, 0.7256, 0.588, 0.6669, 0.5349, 0.7525, 0.4134, 0.7535, 
1), .Dim = c(10L, 10L), .Dimnames = list(c("I1", "I2", "I3", 
"I4", "I5", "I6", "I7", "I8", "I9", "I10"), c("I1", "I2", "I3", 
"I4", "I5", "I6", "I7", "I8", "I9", "I10"))), Goldsmith1986a = structure(c(1, 
0.1554, 0.7028, 0.588, 0.3178, 0.1064, 0.7252, 0.3626, 0.4942, 
0.5502, 0.1554, 1, 0.00430000000000001, 0.0897, 0.2232, 0.4837, 
0.1554, 0.3626, 0.2786, 0.2697, 0.7028, 0.00430000000000001, 
1, 0.5817, 0.2573, -0.0475, 0.7028, 0.2583, 0.4225, 0.4836, 0.588, 
0.0897, 0.5817, 1, 0.2451, 0.0489, 0.588, 0.2709, 0.3867, 0.4338, 
0.3178, 0.2232, 0.2573, 0.2451, 1, 0.2063, 0.3178, 0.2576, 0.2764, 
0.2937, 0.1064, 0.4837, -0.0475, 0.0489, 0.2063, 1, 0.1064, 0.3465, 
0.2503, 0.237, 0.7252, 0.1554, 0.7028, 0.588, 0.3178, 0.1064, 
1, 0.3626, 0.4942, 0.5502, 0.3626, 0.3626, 0.2583, 0.2709, 0.2576, 
0.3465, 0.3626, 1, 0.357, 0.3717, 0.4942, 0.2786, 0.4225, 0.3867, 
0.2764, 0.2503, 0.4942, 0.357, 1, 0.4335, 0.5502, 0.2697, 0.4836, 
0.4338, 0.2937, 0.237, 0.5502, 0.3717, 0.4335, 1), .Dim = c(10L, 
10L), .Dimnames = list(c("I1", "I2", "I3", "I4", "I5", "I6", 
"I7", "I8", "I9", "I10"), c("I1", "I2", "I3", "I4", "I5", "I6", 
"I7", "I8", "I9", "I10"))), Gray1997 = structure(c(1, 0.47734813, 
0.50893787, 0.44261371, 0.52859212, 0.43360849, 0.51651369, 0.43796816, 
0.55610807, 0.55224869, 0.47734813, 1, 0.47561159, 0.41363047, 
0.49397884, 0.40521493, 0.48269133, 0.40928912, 0.51969299, 0.51608633, 
0.50893787, 0.47561159, 1, 0.44100353, 0.52666916, 0.43203107, 
0.51463467, 0.43637488, 0.55408501, 0.55023967, 0.44261371, 0.41363047, 
0.44100353, 1, 0.45803428, 0.37572931, 0.44756811, 0.37950704, 
0.48187733, 0.47853311, 0.52859212, 0.49397884, 0.52666916, 0.45803428, 
1, 0.44871532, 0.53450892, 0.45322688, 0.57548276, 0.57148892, 
0.43360849, 0.40521493, 0.43203107, 0.37572931, 0.44871532, 1, 
0.43846209, 0.37178576, 0.47207327, 0.46879709, 0.51651369, 0.48269133, 
0.51463467, 0.44756811, 0.53450892, 0.43846209, 1, 0.44287056, 
0.56233287, 0.55843029, 0.43796816, 0.40928912, 0.43637488, 0.37950704, 
0.45322688, 0.37178576, 0.44287056, 1, 0.47681968, 0.47351056, 
