issp05 <-
list(data = list(Australia = structure(c(0.4227484651248673, 
0.12401119630035293, 0.13674342091458835, 0.043125479976331656, 
0.0079440017121778644, 0.079517652637719108, 0.08416948882258396, 
0.12401119630035293, 0.59978441906152746, 0.24577965541820962, 
0.12895738799353257, 0.11745684034840662, 0.04043881152314887, 
0.040960378309775898, 0.13674342091458835, 0.24577965541820962, 
0.55854107578245504, 0.12080655807286468, 0.0467611601803542, 
0.081440555474622783, 0.08811391258420756, 0.043125479976331656, 
0.12895738799353257, 0.12080655807286468, 0.58484183037568993, 
0.19622151840681129, 0.23316013719004994, 0.18378574755807825, 
0.0079440017121778644, 0.11745684034840662, 0.0467611601803542, 
0.19622151840681129, 0.87981482580568582, 0.16143751000419052, 
0.14150376697115377, 0.079517652637719108, 0.04043881152314887, 
0.081440555474622783, 0.23316013719004994, 0.16143751000419052, 
0.54940286597951737, 0.37662127836618903, 0.08416948882258396, 
0.040960378309775898, 0.08811391258420756, 0.18378574755807825, 
0.14150376697115377, 0.37662127836618903, 0.58592333208037406
), dim = c(7L, 7L), dimnames = list(c("JP1", "JP2", "JP3", "JA1", 
"JA2", "CS1", "CS2"), c("JP1", "JP2", "JP3", "JA1", "JA2", "CS1", 
"CS2"))), `Germany West` = structure(c(0.3825327339855647, 0.18178159062197022, 
0.17843033561516389, 0.1115384238720608, 0.011063450558705723, 
0.090090195963216504, 0.09746354457404198, 0.18178159062197022, 
0.601474865587449, 0.29101272145018658, 0.1431765431736052, 0.14691071481035345, 
0.065687340247377851, 0.11930839968269824, 0.17843033561516389, 
0.29101272145018658, 0.68043207881619017, 0.21517662151971872, 
0.083463094083889106, 0.17806210888151131, 0.16498026657265133, 
0.1115384238720608, 0.1431765431736052, 0.21517662151971872, 
0.56651487107167686, 0.19329651065996808, 0.2080441872080383, 
0.18666549147496353, 0.011063450558705723, 0.14691071481035345, 
0.083463094083889106, 0.19329651065996808, 1.1028899922633213, 
0.11653200928401446, 0.19296843630950633, 0.090090195963216504, 
0.065687340247377851, 0.17806210888151131, 0.2080441872080383, 
0.11653200928401446, 0.72590416311660844, 0.42427946058700827, 
0.09746354457404198, 0.11930839968269824, 0.16498026657265133, 
0.18666549147496353, 0.19296843630950633, 0.42427946058700827, 
0.70370087453849239), dim = c(7L, 7L), dimnames = list(c("JP1", 
"JP2", "JP3", "JA1", "JA2", "CS1", "CS2"), c("JP1", "JP2", "JP3", 
"JA1", "JA2", "CS1", "CS2"))), `Germany East` = structure(c(0.33225796540387748, 
0.10035026269702277, 0.15505269302854333, 0.11460042400221218, 
0.0041570651672965253, 0.12571358343318892, 0.14266752696101023, 
0.10035026269702277, 0.48848741819522534, 0.26483546870679325, 
0.068768242848803271, 0.10015976894951915, 0.10012597167173626, 
0.11646849171966694, 0.15505269302854333, 0.26483546870679325, 
0.8008848741819522, 0.26364949150459338, 0.17928226871908318, 
0.23700494669247549, 0.22817771223154207, 0.11460042400221218, 
0.068768242848803271, 0.26364949150459338, 0.66654991243432571, 
0.26880204012658615, 0.24024641287983531, 0.20161919685378069, 
0.0041570651672965253, 0.10015976894951915, 0.17928226871908318, 
0.26880204012658615, 1.091092881064307, 0.13376655298491413, 
0.12398684978646266, 0.12571358343318892, 0.10012597167173626, 
0.23700494669247549, 0.24024641287983531, 0.13376655298491413, 
0.66380311549451565, 0.4689464466771131, 0.14266752696101023, 
0.11646849171966694, 0.22817771223154207, 0.20161919685378069, 
0.12398684978646266, 0.4689464466771131, 0.73483884843457159), dim = c(7L, 
7L), dimnames = list(c("JP1", "JP2", "JP3", "JA1", "JA2", "CS1", 
"CS2"), c("JP1", "JP2", "JP3", "JA1", "JA2", "CS1", "CS2"))), 
    `Great Britain` = structure(c(0.41846667284694539, 0.14106486202527735, 
    0.16366150613392663, 0.044096288742622294, 0.015751985414542195, 
    0.095747968233367328, 0.095338524767467014, 0.14106486202527735, 
    0.56925929359414107, 0.23621334322177931, 0.10199313989060907, 
    0.13947498532183802, 0.07418034053335805, 0.060155743024010382, 
    0.16366150613392663, 0.23621334322177931, 0.61851302493742466, 
    0.12711133772133124, 0.082664318160749053, 0.12059577886962702, 
    0.14183430672723341, 0.044096288742622294, 0.10199313989060907, 
    0.12711133772133124, 0.63560149562745283, 0.21245017150273476, 
    0.28991224004202587, 0.21575816569327277, 0.015751985414542195, 
    0.13947498532183802, 0.082664318160749053, 0.21245017150273476, 
    0.84944222984456597, 0.19647260591452675, 0.1953493402552455, 
    0.095747968233367328, 0.07418034053335805, 0.12059577886962702, 
    0.28991224004202587, 0.19647260591452675, 0.67049225920088995, 
    0.4790395846852693, 0.095338524767467014, 0.060155743024010382, 
    0.14183430672723341, 0.21575816569327277, 0.1953493402552455, 
    0.4790395846852693, 0.71769413800562409), dim = c(7L, 7L), dimnames = list(
        c("JP1", "JP2", "JP3", "JA1", "JA2", "CS1", "CS2"), c("JP1", 
        "JP2", "JP3", "JA1", "JA2", "CS1", "CS2"))), `United States` = structure(c(0.56461648736616776, 
    0.15550440851238986, 0.19691577119913845, 0.0044187141994107785, 
    0.005359942018237287, 0.071780819001269452, 0.088055366551016589, 
    0.15550440851238986, 0.74235507442441839, 0.26737656475798205, 
    0.067267183617490692, 0.16114157361581405, 0.02373739300297804, 
    0.055987087170470462, 0.19691577119913845, 0.26737656475798205, 
    0.68614753945660723, 0.11388058205315409, 0.07891410165083021, 
    0.09881916272418477, 0.11462620126307273, 0.0044187141994107785, 
    0.067267183617490692, 0.11388058205315409, 0.76303857792097762, 
    0.28085404226742761, 0.22693792243253721, 0.1706549827855553, 
    0.005359942018237287, 0.16114157361581405, 0.07891410165083021, 
    0.28085404226742761, 1.128119646822225, 0.14946183236918839, 
    0.11202385271780642, 0.071780819001269452, 0.02373739300297804, 
    0.09881916272418477, 0.22693792243253721, 0.14946183236918839, 
    0.51543977339563241, 0.31258521837638648, 0.088055366551016589, 
    0.055987087170470462, 0.11462620126307273, 0.1706549827855553, 
    0.11202385271780642, 0.31258521837638648, 0.54978039496083841
    ), dim = c(7L, 7L), dimnames = list(c("JP1", "JP2", "JP3", 
    "JA1", "JA2", "CS1", "CS2"), c("JP1", "JP2", "JP3", "JA1", 
    "JA2", "CS1", "CS2"))), Hungary = structure(c(0.26552907582755242, 
    0.11278254385030424, 0.080347836258775798, 0.035206619166087007, 
    -0.00054832463324915243, 0.048468764295606509, 0.04941919365990504, 
    0.11278254385030424, 0.4087243149075368, 0.1968631653266657, 
    0.12128105345172968, 0.13819451842475211, 0.074058291608439811, 
    0.074739258581541623, 0.080347836258775798, 0.1968631653266657, 
    1.0115430168507993, 0.36433090817181257, 0.36967733445296003, 
    0.26638132897180256, 0.24544368340466777, 0.035206619166087007, 
    0.12128105345172968, 0.36433090817181257, 0.89747060457751848, 
    0.40226766179754392, 0.36115375858258603, 0.27936356743139673, 
    -0.00054832463324915243, 0.13819451842475211, 0.36967733445296003, 
    0.40226766179754392, 1.2775086635292054, 0.27974687246073471, 
    0.20302633420438618, 0.048468764295606509, 0.074058291608439811, 
    0.26638132897180256, 0.36115375858258603, 0.27974687246073471, 
    0.66354382732682859, 0.43481830088295931, 0.04941919365990504, 
    0.074739258581541623, 0.24544368340466777, 0.27936356743139673, 
    0.20302633420438618, 0.43481830088295931, 0.6500498192095352
    ), dim = c(7L, 7L), dimnames = list(c("JP1", "JP2", "JP3", 
    "JA1", "JA2", "CS1", "CS2"), c("JP1", "JP2", "JP3", "JA1", 
    "JA2", "CS1", "CS2"))), Ireland = structure(c(0.51937425193239151, 
    0.22497063659854358, 0.22572233967582805, 0.093974070718256766, 
    0.058376679306911865, 0.082875264270613105, 0.11519514077653613, 
    0.22497063659854358, 0.7437665693479647, 0.29910958980726421, 
    0.092361041198250504, 0.12473461078112241, 0.060959540029307473, 
    0.066300882579952342, 0.22572233967582805, 0.29910958980726421, 
    0.68529033412754348, 0.18061679922145038, 0.092798416054230004, 
    0.14864928353300447, 0.20243744197232569, 0.093974070718256766, 
    0.092361041198250504, 0.18061679922145038, 0.66183876416434551, 
    0.27857310648008321, 0.23152007338053848, 0.22612839357025402, 
    0.058376679306911865, 0.12473461078112241, 0.092798416054230004, 
    0.27857310648008321, 1.212189447073168, 0.19834670067228208, 
    0.18814389744622304, 0.082875264270613105, 0.060959540029307473, 
    0.14864928353300447, 0.23152007338053848, 0.19834670067228208, 
    0.53234448583285787, 0.39238900634249474, 0.11519514077653613, 
    0.066300882579952342, 0.20243744197232569, 0.22612839357025402, 
    0.18814389744622304, 0.39238900634249474, 0.58576574157969508
    ), dim = c(7L, 7L), dimnames = list(c("JP1", "JP2", "JP3", 
    "JA1", "JA2", "CS1", "CS2"), c("JP1", "JP2", "JP3", "JA1", 
    "JA2", "CS1", "CS2"))), Norway = structure(c(0.51982962713567304, 
    0.10848444038285797, 0.087676825977052036, 0.019923150508499937, 
    -0.031976977217706377, 0.081870360572683695, 0.074848091321565419, 
    0.10848444038285797, 0.56086167091529993, 0.2595714491847434, 
    0.10059641190899908, 0.1064823721802703, 0.028119138088596028, 
    -0.018102784858833151, 0.087676825977052036, 0.2595714491847434, 
    0.7682143448821338, 0.16373003275990144, 0.12563529091113143, 
    0.10637214820515287, 0.072559440783672421, 0.019923150508499937, 
    0.10059641190899908, 0.16373003275990144, 0.57562299926784555, 
    0.20306061917817003, 0.11860099722636397, 0.097534189473009153, 
    -0.031976977217706377, 0.1064823721802703, 0.12563529091113143, 
    0.20306061917817003, 0.88715670241931599, 0.11873527006877976, 
    0.13330888365158, 0.081870360572683695, 0.028119138088596028, 
    0.10637214820515287, 0.11860099722636397, 0.11873527006877976, 
    0.69077365206098795, 0.44148309364628924, 0.074848091321565419, 
    -0.018102784858833151, 0.072559440783672421, 0.097534189473009153, 
    0.13330888365158, 0.44148309364628924, 0.74310398730219807
    ), dim = c(7L, 7L), dimnames = list(c("JP1", "JP2", "JP3", 
    "JA1", "JA2", "CS1", "CS2"), c("JP1", "JP2", "JP3", "JA1", 
    "JA2", "CS1", "CS2"))), Sweden = structure(c(0.49242427023263724, 
    0.11425935510552675, 0.061463560268744777, 0.0033219908452539579, 
    -0.0093395050172462111, 0.11273234052914481, 0.11693407775293932, 
    0.11425935510552675, 0.56923383756627155, 0.28660705436685791, 
    0.12756873095055435, 0.15595798752203954, 0.030887785229315252, 
    0.046600863105835083, 0.061463560268744777, 0.28660705436685791, 
    0.90536792119234388, 0.11922582318688432, 0.13926115987035059, 
    0.066565232765719504, 0.1188147038778584, 0.0033219908452539579, 
    0.12756873095055435, 0.11922582318688432, 0.67757723475769038, 
    0.22761326887569883, 0.118858140590568, 0.13115684813424025, 
    -0.0093395050172462111, 0.15595798752203954, 0.13926115987035059, 
    0.22761326887569883, 0.69769883308188985, 0.09058206418600212, 
    0.063317267867477642, 0.11273234052914481, 0.030887785229315252, 
    0.066565232765719504, 0.118858140590568, 0.09058206418600212, 
    0.84005378810959752, 0.53607571936702314, 0.11693407775293932, 
    0.046600863105835083, 0.1188147038778584, 0.13115684813424025, 
    0.063317267867477642, 0.53607571936702314, 0.84895892599974798
    ), dim = c(7L, 7L), dimnames = list(c("JP1", "JP2", "JP3", 
    "JA1", "JA2", "CS1", "CS2"), c("JP1", "JP2", "JP3", "JA1", 
    "JA2", "CS1", "CS2"))), `Czech Republic` = structure(c(0.45856197128613868, 
    0.14644215259074353, 0.12881604589546519, 0.067457137226565059, 
    0.050298159948031849, 0.10395600224806031, 0.1342675921668236, 
    0.14644215259074353, 0.60693103272095583, 0.2553402380900246, 
    0.14341529994817784, 0.18827578152941091, 0.0055770873021086511, 
    0.044184603706379964, 0.12881604589546519, 0.2553402380900246, 
    1.0228586860525375, 0.25754012568700868, 0.25926558497011104, 
    0.21634661002722488, 0.23422598845314474, 0.067457137226565059, 
    0.14341529994817784, 0.25754012568700868, 0.92172662710664421, 
    0.28848452998751889, 0.25099812418343587, 0.24030888932682271, 
    0.050298159948031849, 0.18827578152941091, 0.25926558497011104, 
    0.28848452998751889, 0.95829702132007855, 0.18706489449444189, 
    0.1668761450144883, 0.10395600224806031, 0.0055770873021086511, 
    0.21634661002722488, 0.25099812418343587, 0.18706489449444189, 
    0.69374995438189291, 0.45401329859058298, 0.1342675921668236, 
    0.044184603706379964, 0.23422598845314474, 0.24030888932682271, 
    0.1668761450144883, 0.45401329859058298, 0.75510302393308371
    ), dim = c(7L, 7L), dimnames = list(c("JP1", "JP2", "JP3", 
    "JA1", "JA2", "CS1", "CS2"), c("JP1", "JP2", "JP3", "JA1", 
    "JA2", "CS1", "CS2"))), Slovenia = structure(c(0.44978132792773889, 
    0.17158557902891294, 0.12393761539165631, 0.093717559177641199, 
    0.0648247163067526, 0.14000482217127191, 0.096138691003748347, 
    0.17158557902891294, 0.44170642353398182, 0.23276464455463006, 
    0.087735611065097086, 0.093474218127345507, 0.07477602577182646, 
    0.079118212403249608, 0.12393761539165631, 0.23276464455463006, 
    0.72827511380100951, 0.16411121355744523, 0.13389004110008015, 
    0.15317314497098883, 0.13868095755819534, 0.093717559177641199, 
    0.087735611065097086, 0.16411121355744523, 0.60342552759241941, 
    0.24017873288519884, 0.29305294788706299, 0.20228338739671958, 
    0.0648247163067526, 0.093474218127345507, 0.13389004110008015, 
    0.24017873288519884, 0.73970991067820713, 0.15108465366317581, 
    0.15672614755397596, 0.14000482217127191, 0.07477602577182646, 
    0.15317314497098883, 0.29305294788706299, 0.15108465366317581, 
    0.58169450205500406, 0.30618443465623052, 0.096138691003748347, 
    0.079118212403249608, 0.13868095755819534, 0.20228338739671958, 
    0.15672614755397596, 0.30618443465623052, 0.6229240664298743
    ), dim = c(7L, 7L), dimnames = list(c("JP1", "JP2", "JP3", 
    "JA1", "JA2", "CS1", "CS2"), c("JP1", "JP2", "JP3", "JA1", 
    "JA2", "CS1", "CS2"))), Bulgaria = structure(c(0.17121940950058193, 
    0.090384225808629884, 0.10061647726144277, 0.061917832160887858, 
    0.057524637243647543, 0.062410378426473567, 0.075252330657430103, 
    0.090384225808629884, 0.18380217912001048, 0.12963996456844606, 
    0.085146949589478577, 0.084876843572867053, 0.096608580632604177, 
    0.097027642173082351, 0.10061647726144277, 0.12963996456844606, 
    0.59659567115386902, 0.34083009934340402, 0.23718088761603637, 
    0.31731300123533779, 0.23032098922356437, 0.061917832160887858, 
    0.085146949589478577, 0.34083009934340402, 1.0105698839735773, 
    0.53946924167735832, 0.36384074867032368, 0.26176053512768466, 
    0.057524637243647543, 0.084876843572867053, 0.23718088761603637, 
    0.53946924167735832, 0.92803660730954551, 0.36817038923071421, 
    0.25226313092594727, 0.062410378426473567, 0.096608580632604177, 
    0.31731300123533779, 0.36384074867032368, 0.36817038923071421, 
    0.73816399407355626, 0.45992301978526573, 0.075252330657430103, 
    0.097027642173082351, 0.23032098922356437, 0.26176053512768466, 
    0.25226313092594727, 0.45992301978526573, 0.55776892430278879
    ), dim = c(7L, 7L), dimnames = list(c("JP1", "JP2", "JP3", 
    "JA1", "JA2", "CS1", "CS2"), c("JP1", "JP2", "JP3", "JA1", 
    "JA2", "CS1", "CS2"))), Russia = structure(c(0.64235660267020844, 
    0.20207848073663656, 0.23208859065724396, 0.051948142054296223, 
    -0.025836794163998769, 0.10277626349228375, 0.11979809893845833, 
    0.20207848073663656, 0.42829885718250388, 0.20681527589180401, 
    0.10174743039517896, 0.080652387229782629, 0.059595008474492277, 
    0.050870741691528484, 0.23208859065724396, 0.20681527589180401, 
    1.3602075507230575, 0.45082663468495704, 0.24457830728211635, 
    0.23302276714474035, 0.18128078817733989, 0.051948142054296223, 
    0.10174743039517896, 0.45082663468495704, 1.2648888404317531, 
    0.54381262947140974, 0.40263799546044743, 0.30836397696523971, 
    -0.025836794163998769, 0.080652387229782629, 0.24457830728211635, 
    0.54381262947140974, 1.4075199968282601, 0.27179183475235652, 
    0.2010129743981128, 0.10277626349228375, 0.059595008474492277, 
    0.23302276714474035, 0.40263799546044743, 0.27179183475235652, 
    0.94436867510481604, 0.62009990980364948, 0.11979809893845833, 
    0.050870741691528484, 0.18128078817733989, 0.30836397696523971, 
    0.2010129743981128, 0.62009990980364948, 0.85172413793103452
    ), dim = c(7L, 7L), dimnames = list(c("JP1", "JP2", "JP3", 
    "JA1", "JA2", "CS1", "CS2"), c("JP1", "JP2", "JP3", "JA1", 
    "JA2", "CS1", "CS2"))), `New Zealand` = structure(c(0.45570212560984841, 
    0.15874844312324959, 0.16210785629253457, 0.058839963391892541, 
    0.010414043200319288, 0.090526620011973327, 0.075707217715021022, 
    0.15874844312324959, 0.63880941076085684, 0.25185965057148557, 
    0.11501482903600944, 0.13606105021228573, 0.048762412006358252, 
    0.030273253373519677, 0.16210785629253457, 0.25185965057148557, 
    0.5209196066692815, 0.11698905197387888, 0.049389291440446452, 
    0.076579756817571898, 0.036793900483749989, 0.058839963391892541, 
    0.11501482903600944, 0.11698905197387888, 0.49986099929123401, 
    0.15816078666143693, 0.15053157449268181, 0.10051265112886466, 
    0.010414043200319288, 0.13606105021228573, 0.049389291440446452, 
    0.15816078666143693, 0.82631379754065082, 0.12452674387399104, 
    0.14393454580486229, 0.090526620011973327, 0.048762412006358252, 
    0.076579756817571898, 0.15053157449268181, 0.12452674387399104, 
    0.51705579983897942, 0.33903924361594517, 0.075707217715021022, 
    0.030273253373519677, 0.036793900483749989, 0.10051265112886466, 
    0.14393454580486229, 0.33903924361594517, 0.58584807635405267
    ), dim = c(7L, 7L), dimnames = list(c("JP1", "JP2", "JP3", 
    "JA1", "JA2", "CS1", "CS2"), c("JP1", "JP2", "JP3", "JA1", 
    "JA2", "CS1", "CS2"))), Canada = structure(c(0.55348961678441444, 
    0.18905213016484693, 0.19494487261828303, 0.036733301220295438, 
    0.019827124812673947, 0.061315831727681437, 0.074032594733461785, 
    0.18905213016484693, 0.47717298223078569, 0.23144134018411475, 
    0.051334029115821023, 0.12442464140441019, 0.027971794048383642, 
    0.048738225219439095, 0.19494487261828303, 0.23144134018411475, 
    0.66742399914365236, 0.045001070434596446, 0.033694605009633914, 
    0.063777831299507606, 0.074376471847570111, 0.036733301220295438, 
    0.051334029115821023, 0.045001070434596446, 0.55838417897666448, 
    0.21461410832798117, 0.17585902376364804, 0.14144722757439521, 
    0.019827124812673947, 0.12442464140441019, 0.033694605009633914, 
    0.21461410832798117, 0.84036341254549352, 0.13251311282380646, 
    0.12941152858060373, 0.061315831727681437, 0.027971794048383642, 
    0.063777831299507606, 0.17585902376364804, 0.13251311282380646, 
    0.58622350674373791, 0.39429458360094199, 0.074032594733461785, 
    0.048738225219439095, 0.074376471847570111, 0.14144722757439521, 
    0.12941152858060373, 0.39429458360094199, 0.63986030828516383
    ), dim = c(7L, 7L), dimnames = list(c("JP1", "JP2", "JP3", 
    "JA1", "JA2", "CS1", "CS2"), c("JP1", "JP2", "JP3", "JA1", 
    "JA2", "CS1", "CS2"))), Philippines = structure(c(0.43763818806515148, 
    0.18384655194721181, 0.17363824556863761, 0.15358677994853437, 
    0.19401676226621239, 0.16133249953278417, 0.13470694785871393, 
    0.18384655194721181, 0.34106108307816163, 0.19642400195511853, 
    0.13154856888198846, 0.13905780537945112, 0.1140646339184313, 
    0.11169117752763762, 0.17363824556863761, 0.19642400195511853, 
    0.44126090769252885, 0.22576371817541438, 0.20382110665459094, 
    0.22634162821121032, 0.20962392720058654, 0.15358677994853437, 
    0.13154856888198846, 0.22576371817541438, 0.65446083293799684, 
    0.34750794266902429, 0.35759046017164792, 0.308291283909087, 
    0.19401676226621239, 0.13905780537945112, 0.20382110665459094, 
    0.34750794266902429, 0.9707738531648481, 0.36419832952372738, 
    0.402294389097339, 0.16133249953278417, 0.1140646339184313, 
    0.22634162821121032, 0.35759046017164792, 0.36419832952372738, 
    0.64939477580828342, 0.46629073762596857, 0.13470694785871393, 
    0.11169117752763762, 0.20962392720058654, 0.308291283909087, 
    0.402294389097339, 0.46629073762596857, 0.60546786273917852
    ), dim = c(7L, 7L), dimnames = list(c("JP1", "JP2", "JP3", 
    "JA1", "JA2", "CS1", "CS2"), c("JP1", "JP2", "JP3", "JA1", 
    "JA2", "CS1", "CS2"))), Israel = structure(c(0.21420962007754529, 
    0.1068036406654527, 0.1001802370953956, 0.091111090465395714, 
    0.077747376961859099, 0.08474240340902052, 0.1104710939338759, 
    0.1068036406654527, 0.37397494023065392, 0.15589579694525996, 
    0.15338811673913313, 0.15434814250498594, 0.090551333506757342, 
    0.11025741077954092, 0.1001802370953956, 0.15589579694525996, 
    0.36191422943996432, 0.17997463673863764, 0.15041668215095322, 
    0.15709892600988518, 0.1626825597383775, 0.091111090465395714, 
    0.15338811673913313, 0.17997463673863764, 0.6890042984379452, 
    0.34198672686957277, 0.27852128160342882, 0.26235955752102769, 
    0.077747376961859099, 0.15434814250498594, 0.15041668215095322, 
    0.34198672686957277, 1.262808601830862, 0.25389584649497687, 
    0.25607990511229206, 0.08474240340902052, 0.090551333506757342, 
    0.15709892600988518, 0.27852128160342882, 0.25389584649497687, 
    0.57628643452624273, 0.42968275793724531, 0.1104710939338759, 
    0.11025741077954092, 0.1626825597383775, 0.26235955752102769, 
    0.25607990511229206, 0.42968275793724531, 0.67034418472134483
    ), dim = c(7L, 7L), dimnames = list(c("JP1", "JP2", "JP3", 
    "JA1", "JA2", "CS1", "CS2"), c("JP1", "JP2", "JP3", "JA1", 
    "JA2", "CS1", "CS2"))), Japan = structure(c(0.69551618732372955, 
    0.2934051644064648, 0.14846064208873053, 0.063296911151267454, 
    0.073821627007582796, 0.025163393173796296, 0.071261378413524062, 
    0.2934051644064648, 0.66526100687349066, 0.21933865874047928, 
    0.087219022849712058, 0.096284599665613965, 0.060653910458851941, 
    0.097139141742522764, 0.14846064208873053, 0.21933865874047928, 
    1.03478796885819, 0.13714049279718982, 0.10538395284819212, 
    0.11628358637461368, 0.13901170351105333, 0.063296911151267454, 
    0.087219022849712058, 0.13714049279718982, 1.0081654366439803, 
    0.25968115109857631, 0.21594075625284989, 0.14369310793237972, 
    0.073821627007582796, 0.096284599665613965, 0.10538395284819212, 
    0.25968115109857631, 0.87516085994629556, 0.17150794589026058, 
    0.12626788036410924, 0.025163393173796296, 0.060653910458851941, 
    0.11628358637461368, 0.21594075625284989, 0.17150794589026058, 
    0.67570465944978297, 0.44798439531859557, 0.071261378413524062, 
    0.097139141742522764, 0.13901170351105333, 0.14369310793237972, 
    0.12626788036410924, 0.44798439531859557, 0.61547464239271776
    ), dim = c(7L, 7L), dimnames = list(c("JP1", "JP2", "JP3", 
    "JA1", "JA2", "CS1", "CS2"), c("JP1", "JP2", "JP3", "JA1", 
    "JA2", "CS1", "CS2"))), Spain = structure(c(0.3391423641722604, 
    0.21371938002089097, 0.17044188205034203, 0.15554833003092913, 
    0.12184707686309425, 0.14868893098120683, 0.16404729275595087, 
    0.21371938002089097, 0.43265859541620477, 0.24667577373730321, 
    0.1905887299273471, 0.17975117038950911, 0.14836160016759337, 
    0.14494863088431692, 0.17044188205034203, 0.24667577373730321, 
    0.56650198289732867, 0.3588520435626395, 0.30012598599315077, 
    0.28139102502553182, 0.28395075198798914, 0.15554833003092913, 
    0.1905887299273471, 0.3588520435626395, 0.77114484315762211, 
    0.41835787587033629, 0.46054790813788044, 0.44007009243822176, 
    0.12184707686309425, 0.17975117038950911, 0.30012598599315077, 
    0.41835787587033629, 0.81079115130248569, 0.32130574443755838, 
    0.3289849253249304, 0.14868893098120683, 0.14836160016759337, 
    0.28139102502553182, 0.46054790813788044, 0.32130574443755838, 
    0.69820098984838042, 0.59837163831254414, 0.16404729275595087, 
    0.14494863088431692, 0.28395075198798914, 0.44007009243822176, 
    0.3289849253249304, 0.59837163831254414, 0.75792795230571819
    ), dim = c(7L, 7L), dimnames = list(c("JP1", "JP2", "JP3", 
    "JA1", "JA2", "CS1", "CS2"), c("JP1", "JP2", "JP3", "JA1", 
    "JA2", "CS1", "CS2"))), Latvia = structure(c(0.40024818142918273, 
    0.14610754528597916, 0.090580516331479108, 0.028498074454428753, 
    -0.0073940949935815143, 0.10729139922978177, 0.083277706461275136, 
    0.14610754528597916, 0.3778823753149812, 0.17910521561355963, 
    0.076902011125374412, 0.068600770218228496, 0.057338468121523323, 
    0.041306518328341181, 0.090580516331479108, 0.17910521561355963, 
    1.106859696667142, 0.36607616602481813, 0.24174582798459562, 
    0.18936243046640994, 0.19101697332762801, 0.028498074454428753, 
    0.076902011125374412, 0.36607616602481813, 0.98937098844672655, 
    0.57288831835686782, 0.32754813863928112, 0.27537869062901155, 
    -0.0073940949935815143, 0.068600770218228496, 0.24174582798459562, 
    0.57288831835686782, 0.96431322207958925, 0.29216944801026956, 
    0.27270860077021825, 0.10729139922978177, 0.057338468121523323, 
    0.18936243046640994, 0.32754813863928112, 0.29216944801026956, 
    0.77234916559691913, 0.54179717586649545, 0.083277706461275136, 
    0.041306518328341181, 0.19101697332762801, 0.27537869062901155, 
    0.27270860077021825, 0.54179717586649545, 0.72486949080017116
    ), dim = c(7L, 7L), dimnames = list(c("JP1", "JP2", "JP3", 
    "JA1", "JA2", "CS1", "CS2"), c("JP1", "JP2", "JP3", "JA1", 
    "JA2", "CS1", "CS2"))), France = structure(c(0.59471946782689389, 
    0.12962616170979546, 0.11203392457898587, -0.069065877645545989, 
    0.068830752680788726, 0.081197181413475567, 0.08275722515088052, 
    0.12962616170979546, 0.475516312574712, 0.26611932487923834, 
    0.036941149053622016, 0.087191827638835567, 0.014602196649781365, 
    0.0056091869357911177, 0.11203392457898587, 0.26611932487923834, 
    0.72309353708055946, 0.019527336398280883, -0.012134945083755466, 
    0.023662830800538083, 0.041955240945868201, -0.069065877645545989, 
    0.036941149053622016, 0.019527336398280883, 0.93769500546717566, 
    0.28625111970461647, 0.18492890590943944, 0.097436409620980644, 
    0.068830752680788726, 0.087191827638835567, -0.012134945083755466, 
    0.28625111970461647, 1.0666246354782765, 0.19370031554602571, 
    0.12327050502969754, 0.081197181413475567, 0.014602196649781365, 
    0.023662830800538083, 0.18492890590943944, 0.19370031554602571, 
    0.84835792261891763, 0.53500709016210102, 0.08275722515088052, 
    0.0056091869357911177, 0.041955240945868201, 0.097436409620980644, 
    0.12327050502969754, 0.53500709016210102, 0.76470857509069479
    ), dim = c(7L, 7L), dimnames = list(c("JP1", "JP2", "JP3", 
    "JA1", "JA2", "CS1", "CS2"), c("JP1", "JP2", "JP3", "JA1", 
    "JA2", "CS1", "CS2"))), Cyprus = structure(c(0.3994193003361815, 
    0.22466189852124732, 0.20037606744440123, 0.15628971562067231, 
    0.13562830266740328, 0.12675801620706997, 0.13254023896881217, 
    0.22466189852124732, 0.51104791019965268, 0.33333126884362979, 
    0.24352225065712707, 0.24640716856888747, 0.14188370646920237, 
    0.13465840540466889, 0.20037606744440123, 0.33333126884362979, 
    1.2408986971418379, 0.5054812201629626, 0.59056833749947357, 
    0.33674758640508756, 0.32754904608188756, 0.15628971562067231, 
    0.24352225065712707, 0.5054812201629626, 0.78250022915835704, 
    0.5606823716527396, 0.31880386769759023, 0.31600937443484595, 
    0.13562830266740328, 0.24640716856888747, 0.59056833749947357, 
    0.5606823716527396, 1.2338951222714671, 0.30474221542867475, 
    0.31567616579669072, 0.12675801620706997, 0.14188370646920237, 
    0.33674758640508756, 0.31880386769759023, 0.30474221542867475, 
    0.65183537263626257, 0.57141689231539128, 0.13254023896881217, 
    0.13465840540466889, 0.32754904608188756, 0.31600937443484595, 
    0.31567616579669072, 0.57141689231539128, 0.63558618707745052
    ), dim = c(7L, 7L), dimnames = list(c("JP1", "JP2", "JP3", 
    "JA1", "JA2", "CS1", "CS2"), c("JP1", "JP2", "JP3", "JA1", 
    "JA2", "CS1", "CS2"))), Portugal = structure(c(0.39800497863114409, 
    0.24032920656730647, 0.22279438100421514, 0.17213751014909126, 
    0.12211284642337739, 0.18323045097017027, 0.1844693730060302, 
    0.24032920656730647, 0.48648944048394438, 0.24705469228974969, 
    0.19968727415483722, 0.22829655867736151, 0.1734458984925174, 
    0.17017205975886907, 0.22279438100421514, 0.24705469228974969, 
    0.47840107679149785, 0.22100801348028751, 0.19949002807968358, 
    0.22770545775747464, 0.23889399441465395, 0.17213751014909126, 
    0.19968727415483722, 0.22100801348028751, 0.5595374053760549, 
    0.32375664869040077, 0.26166938371276383, 0.22447814233072846, 
    0.12211284642337739, 0.22829655867736151, 0.19949002807968358, 
    0.32375664869040077, 0.8593284966088971, 0.18320941988622821, 
    0.18393658554616449, 0.18323045097017027, 0.1734458984925174, 
    0.22770545775747464, 0.26166938371276383, 0.18320941988622821, 
    0.43464622530281577, 0.30277495593031956, 0.1844693730060302, 
    0.17017205975886907, 0.23889399441465395, 0.22447814233072846, 
    0.18393658554616449, 0.30277495593031956, 0.44839035731174309
    ), dim = c(7L, 7L), dimnames = list(c("JP1", "JP2", "JP3", 
    "JA1", "JA2", "CS1", "CS2"), c("JP1", "JP2", "JP3", "JA1", 
    "JA2", "CS1", "CS2"))), Denmark = structure(c(0.8259325349164407, 
    0.16015379248023975, 0.10439758415977489, 0.0094054196264141011, 
    -0.0060110039692071885, 0.10122908159180079, 0.16301345183761709, 
    0.16015379248023975, 0.70567909283979424, 0.24041442183407113, 
    0.070003507848811722, 0.11802433760757085, -0.014946486241225613, 
    0.014072383697653935, 0.10439758415977489, 0.24041442183407113, 
    0.89817610926186475, 0.12473691133912128, 0.10718861169257518, 
    0.092341260309071985, 0.12671150612539034, 0.0094054196264141011, 
    0.070003507848811722, 0.12473691133912128, 0.53174603174603174, 
    0.16355345084626852, 0.14241866175567833, 0.12476979742173112, 
    -0.0060110039692071885, 0.11802433760757085, 0.10718861169257518, 
    0.16355345084626852, 0.87402151988988408, 0.10335428510422505, 
    0.071442869725358321, 0.10122908159180079, -0.014946486241225613, 
    0.092341260309071985, 0.14241866175567833, 0.10335428510422505, 
    0.76021565644433764, 0.45038633997918165, 0.16301345183761709, 
    0.014072383697653935, 0.12671150612539034, 0.12476979742173112, 
    0.071442869725358321, 0.45038633997918165, 0.84536392024981988
    ), dim = c(7L, 7L), dimnames = list(c("JP1", "JP2", "JP3", 
    "JA1", "JA2", "CS1", "CS2"), c("JP1", "JP2", "JP3", "JA1", 
    "JA2", "CS1", "CS2"))), Switzerland = structure(c(0.5494039925319546, 
    0.18453252908229212, 0.1701314088754847, -0.0065883958064052849, 
    -0.00174134712049404, 0.076367944851357172, 0.059033462587964956, 
    0.18453252908229212, 0.6490736751400259, 0.29565919862128393, 
    0.017546316242998707, 0.038205514864282634, -0.00096940973718224869, 
    0.021133132270573028, 0.1701314088754847, 0.29565919862128393, 
    0.83560157259801815, 0.040157798362774666, 0.046701314088754844, 
    0.043618052563550197, 0.049079060749676863, -0.0065883958064052849, 
    0.017546316242998707, 0.040157798362774666, 0.62341573316099386, 
    0.16164817607353152, 0.093531882809133993, 0.092458351285365503, 
    -0.00174134712049404, 0.038205514864282634, 0.046701314088754844, 
    0.16164817607353152, 0.92638858968835269, 0.094318181818181815, 
    0.076549260376274589, 0.076367944851357172, -0.00096940973718224869, 
    0.043618052563550197, 0.093531882809133993, 0.094318181818181815, 
    0.61151443343386469, 0.32614174924601463, 0.059033462587964956, 
    0.021133132270573028, 0.049079060749676863, 0.092458351285365503, 
    0.076549260376274589, 0.32614174924601463, 0.55604983484130399
    ), dim = c(7L, 7L), dimnames = list(c("JP1", "JP2", "JP3", 
    "JA1", "JA2", "CS1", "CS2"), c("JP1", "JP2", "JP3", "JA1", 
    "JA2", "CS1", "CS2"))), Flanders = structure(c(0.40307420847621267, 
    0.12644538402636749, 0.1305097046975397, 0.028160601924293371, 
    0.074709857841994867, 0.081005426640476746, 0.081274428205213564, 
    0.12644538402636749, 0.45058561107966838, 0.20063122149349136, 
    0.081733861570729427, 0.094086626493990744, 0.0083243999067816356, 
    0.0070819322835169955, 0.1305097046975397, 0.20063122149349136, 
    0.56675433631854044, 0.10813197056963079, 0.086718380663847919, 
    0.092426007923560941, 0.096811266105137003, 0.028160601924293371, 
    0.081733861570729427, 0.10813197056963079, 0.72786030562306492, 
    0.18018510503712087, 0.18926523953790325, 0.16557845324100276, 
    0.074709857841994867, 0.094086626493990744, 0.086718380663847919, 
    0.18018510503712087, 1.0376648799813564, 0.16155141991543762, 
    0.19754968871724873, 0.081005426640476746, 0.0083243999067816356, 
    0.092426007923560941, 0.18926523953790325, 0.16155141991543762, 
    0.62094350301295065, 0.43495022805206912, 0.081274428205213564, 
    0.0070819322835169955, 0.096811266105137003, 0.16557845324100276, 
    0.19754968871724873, 0.43495022805206912, 0.72213869560874921
    ), dim = c(7L, 7L), dimnames = list(c("JP1", "JP2", "JP3", 
    "JA1", "JA2", "CS1", "CS2"), c("JP1", "JP2", "JP3", "JA1", 
    "JA2", "CS1", "CS2"))), Finland = structure(c(0.49776755154329527, 
    0.14532638731723399, 0.15740647605636163, 0.015319793351829966, 
    0.045639460971268753, 0.097489403553476781, 0.10502007527179152, 
    0.14532638731723399, 0.53106567980709862, 0.30593624529551305, 
    0.057804069817799793, 0.13114866318527646, 0.015313506732271035, 
    0.025942783379854319, 0.15740647605636163, 0.30593624529551305, 
    1.0362109286594412, 0.14932188330357668, 0.16540515167517456, 
    0.13094190325311605, 0.16897176050494128, 0.015319793351829966, 
    0.057804069817799793, 0.14932188330357668, 0.63423748892856446, 
    0.15627139196933248, 0.16571179900699351, 0.15904099714168365, 
    0.045639460971268753, 0.13114866318527646, 0.16540515167517456, 
    0.15627139196933248, 0.71599288075260614, 0.096266306792622575, 
    0.13319251305521329, 0.097489403553476781, 0.015313506732271035, 
    0.13094190325311605, 0.16571179900699351, 0.096266306792622575, 
    0.78523789965437563, 0.49940067560204859, 0.10502007527179152, 
    0.025942783379854319, 0.16897176050494128, 0.15904099714168365, 
    0.13319251305521329, 0.49940067560204859, 0.96494580933940199
    ), dim = c(7L, 7L), dimnames = list(c("JP1", "JP2", "JP3", 
    "JA1", "JA2", "CS1", "CS2"), c("JP1", "JP2", "JP3", "JA1", 
    "JA2", "CS1", "CS2"))), Mexico = structure(c(0.26632374741914822, 
    0.10917898682813879, 0.12300809749237501, 0.099560415444354372, 
    0.094341048643177369, 0.11394544493660398, 0.12089527004330905, 
    0.10917898682813879, 0.51366003968129559, 0.17426963574720417, 
    0.11948951759905768, 0.14225139847455426, 0.092204148173361575, 
    0.1086745730677762, 0.12300809749237501, 0.17426963574720417, 
    0.3044755664437766, 0.13451780059925025, 0.10927863793728922, 
    0.13222862427724955, 0.13463760586530754, 0.099560415444354372, 
    0.11948951759905768, 0.13451780059925025, 0.70296355680561096, 
    0.34631223715620368, 0.26995541452622057, 0.24651836939434518, 
    0.094341048643177369, 0.14225139847455426, 0.10927863793728922, 
    0.34631223715620368, 0.92645636177159518, 0.29094764845775911, 
    0.28933923476905576, 0.11394544493660398, 0.092204148173361575, 
    0.13222862427724955, 0.26995541452622057, 0.29094764845775911, 
    0.52355908974870002, 0.35706671921676469, 0.12089527004330905, 
    0.1086745730677762, 0.13463760586530754, 0.24651836939434518, 
    0.28933923476905576, 0.35706671921676469, 0.5557631931350463
    ), dim = c(7L, 7L), dimnames = list(c("JP1", "JP2", "JP3", 
    "JA1", "JA2", "CS1", "CS2"), c("JP1", "JP2", "JP3", "JA1", 
    "JA2", "CS1", "CS2"))), Taiwan = structure(c(0.44853092021333685, 
    0.18818006558428296, 0.18992405863548281, 0.10601630051568031, 
    0.086331052541243777, 0.095249826664933701, 0.10859809859017794, 
    0.18818006558428296, 0.65722135850310959, 0.31867114160218207, 
    0.11495771801837827, 0.13545269322614259, 0.067654340667825705, 
    0.063754697935059695, 0.18992405863548281, 0.31867114160218207, 
    0.74947229605221743, 0.12123582128214963, 0.13367382937127034, 
    0.11132798436338819, 0.094254876591320064, 0.10601630051568031, 
    0.11495771801837827, 0.12123582128214963, 0.75201401534587076, 
    0.21079695183889144, 0.19800502773587494, 0.15642770806887754, 
    0.086331052541243777, 0.13545269322614259, 0.13367382937127034, 
    0.21079695183889144, 0.74560231614595196, 0.14307083165961024, 
    0.1606203561260077, 0.095249826664933701, 0.067654340667825705, 
    0.11132798436338819, 0.19800502773587494, 0.14307083165961024, 
    0.4392761183451675, 0.29506360751597149, 0.10859809859017794, 
    0.063754697935059695, 0.094254876591320064, 0.15642770806887754, 
    0.1606203561260077, 0.29506360751597149, 0.42640562171699309
    ), dim = c(7L, 7L), dimnames = list(c("JP1", "JP2", "JP3", 
    "JA1", "JA2", "CS1", "CS2"), c("JP1", "JP2", "JP3", "JA1", 
    "JA2", "CS1", "CS2"))), `South Africa` = structure(c(0.26194000361140263, 
    0.12363820026535959, 0.1202235929268848, 0.091677810547912589, 
    0.041913205957244133, 0.09631048118014357, 0.11018219264477667, 
    0.12363820026535959, 0.45904067538462745, 0.16440256147889554, 
    0.1251717378959131, 0.13512337650442396, 0.1131461597443755, 
    0.12657900728299526, 0.1202235929268848, 0.16440256147889554, 
    0.40361558974466338, 0.17073769440729819, 0.13536151972009014, 
    0.14402967107449696, 0.15436024526134257, 0.091677810547912589, 
    0.1251717378959131, 0.17073769440729819, 0.89868654857205665, 
    0.4758238839326604, 0.30940574108336844, 0.29778068841708033, 
    0.041913205957244133, 0.13512337650442396, 0.13536151972009014, 
    0.4758238839326604, 1.4314880287237355, 0.25428657788199088, 
    0.31438110241990141, 0.09631048118014357, 0.1131461597443755, 
    0.14402967107449696, 0.30940574108336844, 0.25428657788199088, 
    0.62518168233788596, 0.41430664995302557, 0.11018219264477667, 
    0.12657900728299526, 0.15436024526134257, 0.29778068841708033, 
    0.31438110241990141, 0.41430664995302557, 0.71080568298689162
    ), dim = c(7L, 7L), dimnames = list(c("JP1", "JP2", "JP3", 
    "JA1", "JA2", "CS1", "CS2"), c("JP1", "JP2", "JP3", "JA1", 
    "JA2", "CS1", "CS2"))), `South Korea` = structure(c(0.33871432891686132, 
    0.099398231950245663, 0.13709266702021819, 0.12360745263213258, 
    0.10470194292626697, 0.11340413129325345, 0.10652434026849461, 
    0.099398231950245663, 0.43567042570816222, 0.12244906009353045, 
    0.081559512800171804, 0.097951884853239593, 0.057836790687277845, 
    0.054606177216965215, 0.13709266702021819, 0.12244906009353045, 
    0.49112424998137283, 0.21083752262656633, 0.13431524230696745, 
    0.18865055815849335, 0.16216925767330964, 0.12360745263213258, 
    0.081559512800171804, 0.21083752262656633, 0.79640779975543585, 
    0.38649287126195975, 0.29379122637085214, 0.23144884533290089, 
    0.10470194292626697, 0.097951884853239593, 0.13431524230696745, 
    0.38649287126195975, 0.8834533509232515, 0.26433614859682419, 
    0.24345308795105211, 0.11340413129325345, 0.057836790687277845, 
    0.18865055815849335, 0.29379122637085214, 0.26433614859682419, 
    0.5975289378991151, 0.43019139993250383, 0.10652434026849461, 
    0.054606177216965215, 0.16216925767330964, 0.23144884533290089, 
    0.24345308795105211, 0.43019139993250383, 0.57067859976069524
    ), dim = c(7L, 7L), dimnames = list(c("JP1", "JP2", "JP3", 
    "JA1", "JA2", "CS1", "CS2"), c("JP1", "JP2", "JP3", "JA1", 
