issp05 <-
list(data = list(Australia = structure(c(0.4227484651248673, 
0.12401119630035293, 0.13674342091458835, 0.043125479976331656, 
0.0079440017121778644, 0.079517652637719108, 0.08416948882258396, 
0.12401119630035293, 0.59978441906152746, 0.24577965541820962, 
0.12895738799353257, 0.11745684034840662, 0.04043881152314887, 
0.040960378309775898, 0.13674342091458835, 0.24577965541820962, 
0.55854107578245504, 0.12080655807286468, 0.0467611601803542, 
0.081440555474622783, 0.08811391258420756, 0.043125479976331656, 
0.12895738799353257, 0.12080655807286468, 0.58484183037568993, 
0.19622151840681129, 0.23316013719004994, 0.18378574755807825, 
0.0079440017121778644, 0.11745684034840662, 0.0467611601803542, 
0.19622151840681129, 0.87981482580568582, 0.16143751000419052, 
0.14150376697115377, 0.079517652637719108, 0.04043881152314887, 
0.081440555474622783, 0.23316013719004994, 0.16143751000419052, 
0.54940286597951737, 0.37662127836618903, 0.08416948882258396, 
0.040960378309775898, 0.08811391258420756, 0.18378574755807825, 
0.14150376697115377, 0.37662127836618903, 0.58592333208037406
), dim = c(7L, 7L), dimnames = list(c("JP1", "JP2", "JP3", "JA1", 
"JA2", "CS1", "CS2"), c("JP1", "JP2", "JP3", "JA1", "JA2", "CS1", 
"CS2"))), `Germany West` = structure(c(0.3825327339855647, 0.18178159062197022, 
0.17843033561516389, 0.1115384238720608, 0.011063450558705723, 
0.090090195963216504, 0.09746354457404198, 0.18178159062197022, 
0.601474865587449, 0.29101272145018658, 0.1431765431736052, 0.14691071481035345, 
0.065687340247377851, 0.11930839968269824, 0.17843033561516389, 
0.29101272145018658, 0.68043207881619017, 0.21517662151971872, 
0.083463094083889106, 0.17806210888151131, 0.16498026657265133, 
0.1115384238720608, 0.1431765431736052, 0.21517662151971872, 
0.56651487107167686, 0.19329651065996808, 0.2080441872080383, 
0.18666549147496353, 0.011063450558705723, 0.14691071481035345, 
0.083463094083889106, 0.19329651065996808, 1.1028899922633213, 
0.11653200928401446, 0.19296843630950633, 0.090090195963216504, 
0.065687340247377851, 0.17806210888151131, 0.2080441872080383, 
0.11653200928401446, 0.72590416311660844, 0.42427946058700827, 
0.09746354457404198, 0.11930839968269824, 0.16498026657265133, 
0.18666549147496353, 0.19296843630950633, 0.42427946058700827, 
0.70370087453849239), dim = c(7L, 7L), dimnames = list(c("JP1", 
"JP2", "JP3", "JA1", "JA2", "CS1", "CS2"), c("JP1", "JP2", "JP3", 
"JA1", "JA2", "CS1", "CS2"))), `Germany East` = structure(c(0.33225796540387748, 
0.10035026269702277, 0.15505269302854333, 0.11460042400221218, 
0.0041570651672965253, 0.12571358343318892, 0.14266752696101023, 
0.10035026269702277, 0.48848741819522534, 0.26483546870679325, 
0.068768242848803271, 0.10015976894951915, 0.10012597167173626, 
0.11646849171966694, 0.15505269302854333, 0.26483546870679325, 
0.8008848741819522, 0.26364949150459338, 0.17928226871908318, 
0.23700494669247549, 0.22817771223154207, 0.11460042400221218, 
0.068768242848803271, 0.26364949150459338, 0.66654991243432571, 
0.26880204012658615, 0.24024641287983531, 0.20161919685378069, 
0.0041570651672965253, 0.10015976894951915, 0.17928226871908318, 
0.26880204012658615, 1.091092881064307, 0.13376655298491413, 
0.12398684978646266, 0.12571358343318892, 0.10012597167173626, 
0.23700494669247549, 0.24024641287983531, 0.13376655298491413, 
0.66380311549451565, 0.4689464466771131, 0.14266752696101023, 
0.11646849171966694, 0.22817771223154207, 0.20161919685378069, 
0.12398684978646266, 0.4689464466771131, 0.73483884843457159), dim = c(7L, 
7L), dimnames = list(c("JP1", "JP2", "JP3", "JA1", "JA2", "CS1", 
"CS2"), c("JP1", "JP2", "JP3", "JA1", "JA2", "CS1", "CS2"))), 
    `Great Britain` = structure(c(0.41846667284694539, 0.14106486202527735, 
    0.16366150613392663, 0.044096288742622294, 0.015751985414542195, 
    0.095747968233367328, 0.095338524767467014, 0.14106486202527735, 
    0.56925929359414107, 0.23621334322177931, 0.10199313989060907, 
    0.13947498532183802, 0.07418034053335805, 0.060155743024010382, 
    0.16366150613392663, 0.23621334322177931, 0.61851302493742466, 
    0.12711133772133124, 0.082664318160749053, 0.12059577886962702, 
    0.14183430672723341, 0.044096288742622294, 0.10199313989060907, 
    0.12711133772133124, 0.63560149562745283, 0.21245017150273476, 
    0.28991224004202587, 0.21575816569327277, 0.015751985414542195, 
    0.13947498532183802, 0.082664318160749053, 0.21245017150273476, 
    0.84944222984456597, 0.19647260591452675, 0.1953493402552455, 
    0.095747968233367328, 0.07418034053335805, 0.12059577886962702, 
    0.28991224004202587, 0.19647260591452675, 0.67049225920088995, 
    0.4790395846852693, 0.095338524767467014, 0.060155743024010382, 
    0.14183430672723341, 0.21575816569327277, 0.1953493402552455, 
    0.4790395846852693, 0.71769413800562409), dim = c(7L, 7L), dimnames = list(
        c("JP1", "JP2", "JP3", "JA1", "JA2", "CS1", "CS2"), c("JP1", 
        "JP2", "JP3", "JA1", "JA2", "CS1", "CS2"))), `United States` = structure(c(0.56461648736616776, 
    0.15550440851238986, 0.19691577119913845, 0.0044187141994107785, 
    0.005359942018237287, 0.071780819001269452, 0.088055366551016589, 
    0.15550440851238986, 0.74235507442441839, 0.26737656475798205, 
    0.067267183617490692, 0.16114157361581405, 0.02373739300297804, 
    0.055987087170470462, 0.19691577119913845, 0.26737656475798205, 
    0.68614753945660723, 0.11388058205315409, 0.07891410165083021, 
    0.09881916272418477, 0.11462620126307273, 0.0044187141994107785, 
    0.067267183617490692, 0.11388058205315409, 0.76303857792097762, 
    0.28085404226742761, 0.22693792243253721, 0.1706549827855553, 
    0.005359942018237287, 0.16114157361581405, 0.07891410165083021, 
    0.28085404226742761, 1.128119646822225, 0.14946183236918839, 
    0.11202385271780642, 0.071780819001269452, 0.02373739300297804, 
    0.09881916272418477, 0.22693792243253721, 0.14946183236918839, 
    0.51543977339563241, 0.31258521837638648, 0.088055366551016589, 
    0.055987087170470462, 0.11462620126307273, 0.1706549827855553, 
    0.11202385271780642, 0.31258521837638648, 0.54978039496083841
    ), dim = c(7L, 7L), dimnames = list(c("JP1", "JP2", "JP3", 
    "JA1", "JA2", "CS1", "CS2"), c("JP1", "JP2", "JP3", "JA1", 
    "JA2", "CS1", "CS2"))), Hungary = structure(c(0.26552907582755242, 
    0.11278254385030424, 0.080347836258775798, 0.035206619166087007, 
    -0.00054832463324915243, 0.048468764295606509, 0.04941919365990504, 
    0.11278254385030424, 0.4087243149075368, 0.1968631653266657, 
    0.12128105345172968, 0.13819451842475211, 0.074058291608439811, 
    0.074739258581541623, 0.080347836258775798, 0.1968631653266657, 
    1.0115430168507993, 0.36433090817181257, 0.36967733445296003, 
    0.26638132897180256, 0.24544368340466777, 0.035206619166087007, 
    0.12128105345172968, 0.36433090817181257, 0.89747060457751848, 
    0.40226766179754392, 0.36115375858258603, 0.27936356743139673, 
    -0.00054832463324915243, 0.13819451842475211, 0.36967733445296003, 
    0.40226766179754392, 1.2775086635292054, 0.27974687246073471, 
    0.20302633420438618, 0.048468764295606509, 0.074058291608439811, 
    0.26638132897180256, 0.36115375858258603, 0.27974687246073471, 
    0.66354382732682859, 0.43481830088295931, 0.04941919365990504, 
    0.074739258581541623, 0.24544368340466777, 0.27936356743139673, 
    0.20302633420438618, 0.43481830088295931, 0.6500498192095352
    ), dim = c(7L, 7L), dimnames = list(c("JP1", "JP2", "JP3", 
    "JA1", "JA2", "CS1", "CS2"), c("JP1", "JP2", "JP3", "JA1", 
    "JA2", "CS1", "CS2"))),