Jansen19 <-
structure(list(ArticleID = c(16, 22, 26, 28, 30, 31, 39, 52, 
60, 63, 68, 72, 73, 74, 75, 77, 85, 93, 98, 106, 119, 129, 131, 
141, 142, 148, 170, 172, 176, 181, 185, 186, 193, 194, 196, 197, 
200, 212, 213, 216, 220, 223, 231, 235, 242, 244, 250, 251, 254, 
272, 280, 281, 283, 286, 295, 296, 297, 300, 302, 304, 309, 312, 
319, 329, 333, 337, 339, 342, 344, 347, 349, 352, 358, 378, 391, 
393, 402, 404, 411, 420, 422, 432, 435, 437, 440, 442, 443, 454, 
458, 462, 470, 475, 477, 482, 484, 487, 490, 500, 504, 505, 507, 
510, 512, 513, 532, 534, 538, 551, 552, 557, 565, 566, 569, 579, 
582, 585, 599, 609, 616, 647, 656, 659, 686, 689, 694, 697), 
    SRL_act = c(1.4870000000000001, NA, NA, NA, NA, NA, NA, 1.6709000000000001, 
    0.92646666666666666, NA, NA, NA, NA, NA, NA, NA, NA, NA, 
    NA, 1.2000999999999999, NA, NA, NA, NA, NA, NA, NA, NA, NA, 
    NA, NA, NA, NA, NA, NA, NA, NA, 0.17430000000000001, NA, 
    NA, NA, 0.939975, 1.1546000000000001, -0.0089749999999999969, 
    NA, 0.79122857142857139, NA, 0.01285, 0.11032500000000001, 
    0.18023333333333333, 2.1894999999999998, NA, 0.63739999999999997, 
    NA, NA, NA, 0.14419999999999999, NA, NA, NA, NA, NA, NA, 
    1.7041499999999998, -0.018542857142857139, NA, NA, NA, NA, 
    NA, NA, NA, NA, 0.29499999999999998, NA, NA, NA, NA, 0.030850000000000002, 
    0.23285, NA, NA, NA, NA, 0.34709999999999996, -0.14149999999999999, 
    NA, NA, NA, NA, NA, 0.13725000000000001, NA, NA, NA, 0.070175000000000001, 
    NA, NA, 0.36930000000000002, NA, NA, NA, NA, NA, NA, NA, 
    NA, NA, NA, NA, NA, NA, 0.29986666666666667, NA, 0.90282499999999999, 
    NA, NA, 0.37955, NA, 0.049200000000000001, 0.23349999999999999, 
    0.62295, NA, 0.46337499999999998, NA, NA), Achieve = c(NA, 
    NA, NA, 0.31605, NA, NA, 0.67000000000000004, 0.57489999999999997, 
    NA, NA, NA, NA, NA, 0.42730000000000001, NA, NA, 0.31564999999999999, 
    NA, 0.58435000000000004, 0.47470000000000001, NA, 0.69340000000000002, 
    NA, NA, NA, NA, NA, NA, NA, NA, 0.72829999999999995, NA, 
    NA, NA, 0.074700000000000003, 0.68559999999999999, 0.40570000000000001, 
    0.27339999999999998, NA, 1.0961333333333334, 0.6374333333333333, 
    NA, 0.3085, 0.2873, 0.75409999999999999, 0.22939999999999999, 
    0.49269999999999997, 0.42486666666666661, 0.34393333333333331, 
    0.083099999999999993, 0.75760000000000005, 1.3088, NA, 0.73280000000000001, 
    NA, NA, NA, NA, NA, NA, NA, NA, NA, 0.99309999999999998, 
    0.34329999999999999, NA, NA, NA, 0.18429999999999999, 0.59199999999999997, 
    NA, NA, NA, 0.50405, NA, NA, NA, NA, 0.013166666666666677, 
    0.69910000000000005, NA, NA, NA, NA, 0.3634, 0.26224999999999998, 
    NA, NA, NA, NA, 0.70630000000000004, NA, 0.23860000000000001, 
    NA, 0.42974285714285715, 0.1857, NA, NA, NA, NA, NA, NA, 
    NA, NA, NA, NA, NA, NA, NA, 0.10586, NA, 0.16826666666666668, 
    0.91904999999999992, NA, 0.13763333333333333, NA, 2.0647000000000002, 
    0.71675999999999995, 0.88280000000000003, 0.092466666666666655, 
    0.61492499999999994, 0.56469999999999998, NA, NA, 2.2075, 
    0.52370000000000005), r_SRL_achieve = c(NA, 0.31, 0.13, NA, 
    0.26000000000000001, 0.31, NA, NA, NA, 0.16866666666666669, 
    0.18833333333333335, 0.59399999999999997, 0.089999999999999997, 
    NA, 0.066666666666666666, 0.38, NA, -0.029999999999999999, 
    NA, 0.34499999999999997, 0.35899999999999999, NA, -0.070000000000000007, 
    0.115, 0.58266666666666667, 0.21299999999999999, 0.070000000000000007, 
    0.27400000000000002, 0.155, 0.128, NA, 0.19900000000000001, 
    0.40400000000000003, 0.85699999999999998, NA, NA, NA, NA, 
    0.27888888888888891, NA, NA, NA, NA, NA, NA, NA, NA, NA, 
    NA, NA, NA, NA, NA, NA, 0.023333333333333334, 0.48533333333333334, 
    NA, 0.13500000000000001, 0.45250000000000001, 0.34000000000000002, 
    -0.02, 0.315, -0.050000000000000003, NA, NA, 0.72399999999999998, 
    0.35499999999999998, 0.30499999999999999, NA, NA, 0.12, 0.31, 
    0.58999999999999997, NA, 0.5033333333333333, 0.20999999999999999, 
    0.10833333333333334, 0.39000000000000001, 0.0051666666666666666, 
    NA, 0.14000000000000001, 0.28666666666666668, 0.13250000000000001, 
    -0.17999999999999999, NA, 0.41000000000000003, 0.10000000000000001, 
    0.14799999999999999, 0.29000000000000004, 0.72999999999999998, 
    NA, NA, NA, 0.38, NA, NA, 0.29000000000000004, 0.66333333333333333, 
    NA, 0.22, 0.15133333333333332, 0.39119999999999999, 0.22, 
    0.19, 0.15533333333333332, 0.10489999999999999, 0.31666666666666665, 
    0.19500000000000001, 0.39400000000000002, NA, -0.061600000000000002, 
    NA, NA, 0.076666666666666675, NA, 0.17999999999999999, NA, 
    NA, NA, NA, NA, NA, 0.33500000000000002, NA, NA, NA), Ntotal = c(21, 
    229, 629, 88, 454, 125, 86, 160, 60, 148, 1112, 206, 541, 
    54, 185, 179, 86, 275, 187, 69, 81, 102, 145, 66, 24, 175, 
    129, 158, 222, 614, 40, 111, 58, 396, 157, 62, 62, 41, 106, 
    34, 131, 200, 56, 34, 80, 65, 57, 46, 21, 48, 42, 91, 88, 
    99, 44, 34, 64, 1193, 31, 347, 145, 26, 98, 32, 32, 90, 119, 
    98, 48, 52, 274, 107, 423, 149, 384, 104, 280, 143, 55, 40, 
    517, 459, 103, 152, 84, 79, 351, 1201, 137, 109, 56, 53, 
    40, 45, 47, 74, 76, 503, 174, 1345, 8112, 80, 1794, 133, 
    94, 506, 93, 257, 101, 244, 114, 70, 60, 84, 40, 184, 15, 
    84, 64, 91, 44, 98, 159, 130, 149, 28), Online = c(1, 0, 
    0, 1, 0, 0, 1, 0, 0, 0, 1, 0, 0, 1, 0, 0, 1, 0, 1, 0, 1, 
    0, 0, 0, 0, 0, 0, 0, 0, 0, 1, 1, 0, 1, 0, 0, 0, 0, 0, 1, 
    1, 1, 1, 1, 1, 0, 1, 1, 1, 1, 0, 0, 0, 1, 0, 0, 0, 0, 0, 
    0, 0, 1, 1, 1, 0, 0, 0, 0, 1, 0, 0, 0, 0, 1, 0, 0, 0, 0, 
    1, 1, 0, 0, 0, 0, 0, 1, 0, 0, 0, 0, 0, 0, 0, 0, 0, 0, 0, 
    0, 0, 0, 1, 1, 0, 0, 0, 0, 0, 0, 0, 0, 1, 1, 0, 0, 1, 0, 
    0, 0, 1, 0, 0, 0, 0, 0, 0, 1)), class = "data.frame", row.names = c(NA, 
-126L))
