Mathieu15 <-
list(data = list(`Bakeman & Helmreich (1975)` = structure(c(1, 
0.17999999999999999, 0.31, 0.13, 0.17999999999999999, 1, 0.71999999999999997, 
0.81999999999999995, 0.31, 0.71999999999999997, 1, 0.72999999999999998, 
0.13, 0.81999999999999995, 0.72999999999999998, 1), .Dim = c(4L, 
4L), .Dimnames = list(c("C1", "P1", "C2", "P2"), c("C1", "P1", 
"C2", "P2"))), `Carron & Ball (1977)` = structure(c(1, 0.53000000000000003, 
0.81999999999999995, 0.39000000000000001, 0.53000000000000003, 
1, 0.77000000000000002, 0.80000000000000004, 0.81999999999999995, 
0.77000000000000002, 1, 0.79000000000000004, 0.39000000000000001, 
0.80000000000000004, 0.79000000000000004, 1), .Dim = c(4L, 4L
), .Dimnames = list(c("C1", "P1", "C2", "P2"), c("C1", "P1", 
"C2", "P2"))), `Landers et al. (1982)` = structure(c(1, 0.82999999999999996, 
0.94999999999999996, 0.80000000000000004, 0.82999999999999996, 
1, 0.84999999999999998, 0.92000000000000004, 0.94999999999999996, 
0.84999999999999998, 1, 0.77000000000000002, 0.80000000000000004, 
0.92000000000000004, 0.77000000000000002, 1), .Dim = c(4L, 4L
), .Dimnames = list(c("C1", "P1", "C2", "P2"), c("C1", "P1", 
"C2", "P2"))), `Williams & Hacker (1982)` = structure(c(1, 0.87, 
0.87, 0.71999999999999997, 0.87, 1, 0.87, 0.80000000000000004, 
0.87, 0.87, 1, 0.72999999999999998, 0.71999999999999997, 0.80000000000000004, 
0.72999999999999998, 1), .Dim = c(4L, 4L), .Dimnames = list(c("C1", 
"P1", "C2", "P2"), c("C1", "P1", "C2", "P2"))), `Greene (1989)` = structure(c(1, 
-0.050000000000000003, 0.5, 0.17000000000000001, -0.050000000000000003, 
1, 0.29999999999999999, 0.65000000000000002, 0.5, 0.29999999999999999, 
1, 0.14999999999999999, 0.17000000000000001, 0.65000000000000002, 
0.14999999999999999, 1), .Dim = c(4L, 4L), .Dimnames = list(c("C1", 
"P1", "C2", "P2"), c("C1", "P1", "C2", "P2"))), `Marsh (1996)` = structure(c(1, 
-0.029999999999999999, 0.45000000000000001, 0.20000000000000001, 
-0.029999999999999999, 1, -0.059999999999999998, 0.29999999999999999, 
0.45000000000000001, -0.059999999999999998, 1, 0.11, 0.20000000000000001, 
0.29999999999999999, 0.11, 1), .Dim = c(4L, 4L), .Dimnames = list(
    c("C1", "P1", "C2", "P2"), c("C1", "P1", "C2", "P2"))), `Cobb (1999)` = structure(c(1, 
0.68999999999999995, 0.02, 0.11, 0.68999999999999995, 1, 0, 0.20000000000000001, 
0.02, 0, 1, 0.33000000000000002, 0.11, 0.20000000000000001, 0.33000000000000002, 
1), .Dim = c(4L, 4L), .Dimnames = list(c("C1", "P1", "C2", "P2"
), c("C1", "P1", "C2", "P2"))), `Chang & Bordia (2001)` = structure(c(1, 
0.41999999999999998, 0.75, 0.42999999999999999, 0.41999999999999998, 
1, 0.32000000000000001, 0.47999999999999998, 0.75, 0.32000000000000001, 
1, 0.5, 0.42999999999999999, 0.47999999999999998, 0.5, 1), .Dim = c(4L, 
4L), .Dimnames = list(c("C1", "P1", "C2", "P2"), c("C1", "P1", 
"C2", "P2"))), `Lee at al. (2002)` = structure(c(1, -0.23000000000000001, 
0.67000000000000004, 0.050000000000000003, -0.23000000000000001, 
1, 0.16, 0.34999999999999998, 0.67000000000000004, 0.16, 1, 0.45000000000000001, 
0.050000000000000003, 0.34999999999999998, 0.45000000000000001, 
1), .Dim = c(4L, 4L), .Dimnames = list(c("C1", "P1", "C2", "P2"
), c("C1", "P1", "C2", "P2"))), `Mohammed et al. (2002)` = structure(c(1, 
0.11, 0.78000000000000003, 0.29999999999999999, 0.11, 1, 0.13, 
0.01, 0.78000000000000003, 0.13, 1, 0.45000000000000001, 0.29999999999999999, 
0.01, 0.45000000000000001, 1), .Dim = c(4L, 4L), .Dimnames = list(
    c("C1", "P1", "C2", "P2"), c("C1", "P1", "C2", "P2"))), `Rittman et al. (2003)` = structure(c(1, 
-0.040000000000000001, 0.13, 0.44, -0.040000000000000001, 1, 
0.080000000000000002, 0.050000000000000003, 0.13, 0.080000000000000002, 
1, 0, 0.44, 0.050000000000000003, 0, 1), .Dim = c(4L, 4L), .Dimnames = list(
    c("C1", "P1", "C2", "P2"), c("C1", "P1", "C2", "P2"))), `Casey-Campbell (2005)` = structure(c(1, 
0.39000000000000001, 0.78000000000000003, 0.28000000000000003, 
0.39000000000000001, 1, 0.33000000000000002, 0.79000000000000004, 
0.78000000000000003, 0.33000000000000002, 1, 0.39000000000000001, 
0.28000000000000003, 0.79000000000000004, 0.39000000000000001, 
1), .Dim = c(4L, 4L), .Dimnames = list(c("C1", "P1", "C2", "P2"
), c("C1", "P1", "C2", "P2"))), `Martens et al. (2007)` = structure(c(1, 
0.39000000000000001, 0.78000000000000003, 0.28000000000000003, 
0.39000000000000001, 1, 0.35999999999999999, 0.79000000000000004, 
0.78000000000000003, 0.35999999999999999, 1, 0.29999999999999999, 
0.28000000000000003, 0.79000000000000004, 0.29999999999999999, 
1), .Dim = c(4L, 4L), .Dimnames = list(c("C1", "P1", "C2", "P2"
), c("C1", "P1", "C2", "P2"))), `Fullagar et al. (2008)` = structure(c(1, 
0.14999999999999999, 0.57999999999999996, 0.089999999999999997, 
0.14999999999999999, 1, 0.53000000000000003, 0.28000000000000003, 
0.57999999999999996, 0.53000000000000003, 1, 0.20999999999999999, 
0.089999999999999997, 0.28000000000000003, 0.20999999999999999, 
1), .Dim = c(4L, 4L), .Dimnames = list(c("C1", "P1", "C2", "P2"
), c("C1", "P1", "C2", "P2"))), `DeOrtentiis et al. (2013)` = structure(c(1, 
0.46999999999999997, 0.19, 0.10000000000000001, 0.46999999999999997, 
1, 0.10000000000000001, 0.28999999999999998, 0.19, 0.10000000000000001, 
1, 0.73999999999999999, 0.10000000000000001, 0.28999999999999998, 
0.73999999999999999, 1), .Dim = c(4L, 4L), .Dimnames = list(c("C1", 
"P1", "C2", "P2"), c("C1", "P1", "C2", "P2"))), `Mathieu et al. (2015) Sample 1` = structure(c(1, 
0.22, 0.66000000000000003, 0.27000000000000002, 0.22, 1, 0.16, 
0.68999999999999995, 0.66000000000000003, 0.16, 1, 0.25, 0.27000000000000002, 
0.68999999999999995, 0.25, 1), .Dim = c(4L, 4L), .Dimnames = list(
    c("C1", "P1", "C2", "P2"), c("C1", "P1", "C2", "P2"))), `Mathieu et al. (2015) Sample 2` = structure(c(1, 
0.13, 0.58999999999999997, 0.13, 0.13, 1, 0.27000000000000002, 
0.70999999999999996, 0.58999999999999997, 0.27000000000000002, 
1, 0.26000000000000001, 0.13, 0.70999999999999996, 0.26000000000000001, 
1), .Dim = c(4L, 4L), .Dimnames = list(c("C1", "P1", "C2", "P2"
), c("C1", "P1", "C2", "P2")))), n = c(10, 12, 10, 14, 54, 24, 
36, 28, 27, 21, 71, 109, 106, 10, 84, 57, 64), Year = c(1975, 
1977, 1982, 1982, 1989, 1996, 1999, 2001, 2002, 2002, 2003, 2005, 
2007, 2008, 2013, 2015, 2015), Sample = c("Scientific research teams", 
"Hockey teams", "Intramural basketball teams", "Intercollegiate field hockey teams", 
"Mix of aircraft engineering and manufacturing teams", "MBA students on class projects", 
"Students performing flight simulation", "Students working on class projects", 
"Students working on class projects", "Students managing a campus restaurant", 
"Students performing flight simulation", "Students competing in a simulation", 
"Students competing in a simulation", "Students performing ATC simulations", 
"Students working on class projects", "Students competing in a simulation", 
"Students competing in a simulation"), Student = c(0, 0, 0, 0, 
0, 1, 1, 1, 1, 1, 1, 1, 1, 1, 1, 1, 1))
