Nohe15A2 <-
structure(list(data = structure(list(`Demerouti et al. (2007)` = structure(c(1, 
0.19, 0.66, 0.19, 0.19, 1, 0.18, 0.7, 0.66, 0.18, 1, 0.14, 0.19, 
0.7, 0.14, 1), .Dim = c(4L, 4L), .Dimnames = list(c("F1", "S1", 
"F2", "S2"), c("F1", "S1", "F2", "S2"))), `Ford (2010)` = structure(c(1, 
0.34, 0.72, 0.31, 0.34, 1, 0.34, 0.74, 0.72, 0.34, 1, 0.37, 0.31, 
0.74, 0.37, 1), .Dim = c(4L, 4L), .Dimnames = list(c("F1", "S1", 
"F2", "S2"), c("F1", "S1", "F2", "S2"))), `Hammer et al. (2005), female subsample` = structure(c(1, 
0.28, 0.49, 0.24, 0.28, 1, 0.12, 0.43, 0.49, 0.12, 1, 0.22, 0.24, 
0.43, 0.22, 1), .Dim = c(4L, 4L), .Dimnames = list(c("F1", "S1", 
"F2", "S2"), c("F1", "S1", "F2", "S2"))), `Hammer et al. (2005), male subsample` = structure(c(1, 
0.18, 0.45, 0.19, 0.18, 1, 0.09, 0.6, 0.45, 0.09, 1, 0.24, 0.19, 
0.6, 0.24, 1), .Dim = c(4L, 4L), .Dimnames = list(c("F1", "S1", 
"F2", "S2"), c("F1", "S1", "F2", "S2"))), `Innstrand et al. (2008)` = structure(c(1, 
0.24, 0.63, 0.19, 0.24, 1, 0.18, 0.62, 0.63, 0.18, 1, 0.23, 0.19, 
0.62, 0.23, 1), .Dim = c(4L, 4L), .Dimnames = list(c("F1", "S1", 
"F2", "S2"), c("F1", "S1", "F2", "S2"))), `Kelloway et al. (1999)` = structure(c(1, 
0.47, 0.76, 0.5, 0.47, 1, 0.39, 0.72, 0.76, 0.39, 1, 0.47, 0.5, 
0.72, 0.47, 1), .Dim = c(4L, 4L), .Dimnames = list(c("F1", "S1", 
"F2", "S2"), c("F1", "S1", "F2", "S2"))), `Kinnunen et al. (2010), female subsample` = structure(c(1, 
0.41, 0.44, 0.4, 0.41, 1, 0.32, 0.71, 0.44, 0.32, 1, 0.41, 0.4, 
0.71, 0.41, 1), .Dim = c(4L, 4L), .Dimnames = list(c("F1", "S1", 
"F2", "S2"), c("F1", "S1", "F2", "S2"))), `Kinnunen et al. (2010), male subsample` = structure(c(1, 
0.26, 0.56, 0.21, 0.26, 1, 0.28, 0.62, 0.56, 0.28, 1, 0.3, 0.21, 
0.62, 0.3, 1), .Dim = c(4L, 4L), .Dimnames = list(c("F1", "S1", 
"F2", "S2"), c("F1", "S1", "F2", "S2"))), `Leiter & Durup (1996)` = structure(c(1, 
0.09, 0.51, 0.08, 0.09, 1, 0.15, 0.67, 0.51, 0.15, 1, 0.2, 0.08, 
0.67, 0.2, 1), .Dim = c(4L, 4L), .Dimnames = list(c("F1", "S1", 
"F2", "S2"), c("F1", "S1", "F2", "S2"))), `Meier et al. (2010)` = structure(c(1, 
0.22, 0.51, 0.19, 0.22, 1, 0.19, 0.6, 0.51, 0.19, 1, 0.16, 0.19, 
0.6, 0.16, 1), .Dim = c(4L, 4L), .Dimnames = list(c("F1", "S1", 
"F2", "S2"), c("F1", "S1", "F2", "S2"))), `Meier et al. (2010)` = structure(c(1, 
0.3, 0.48, 0.2, 0.3, 1, 0.22, 0.56, 0.48, 0.22, 1, 0.28, 0.2, 
0.56, 0.28, 1), .Dim = c(4L, 4L), .Dimnames = list(c("F1", "S1", 
"F2", "S2"), c("F1", "S1", "F2", "S2"))), `Meier et al. (2010)` = structure(c(1, 
0.31, 0.46, 0.15, 0.31, 1, 0.14, 0.53, 0.46, 0.14, 1, 0.25, 0.15, 
0.53, 0.25, 1), .Dim = c(4L, 4L), .Dimnames = list(c("F1", "S1", 
"F2", "S2"), c("F1", "S1", "F2", "S2"))), `Meier et al. (2010)` = structure(c(1, 
0.28, 0.48, 0.29, 0.28, 1, 0.18, 0.64, 0.48, 0.18, 1, 0.26, 0.29, 
0.64, 0.26, 1), .Dim = c(4L, 4L), .Dimnames = list(c("F1", "S1", 
"F2", "S2"), c("F1", "S1", "F2", "S2"))), `Nohe & Sonntag (2010)` = structure(c(1, 
0.16, 0.54, 0.11, 0.16, 1, 0.12, 0.75, 0.54, 0.12, 1, 0.14, 0.11, 
0.75, 0.14, 1), .Dim = c(4L, 4L), .Dimnames = list(c("F1", "S1", 
"F2", "S2"), c("F1", "S1", "F2", "S2"))), `Nohe & Sonntag (2010)` = structure(c(1, 
0.22, 0.53, 0.19, 0.22, 1, 0.19, 0.46, 0.53, 0.19, 1, 0.11, 0.19, 
0.46, 0.11, 1), .Dim = c(4L, 4L), .Dimnames = list(c("F1", "S1", 
"F2", "S2"), c("F1", "S1", "F2", "S2"))), `Nohe & Sonntag (2014)` = structure(c(1, 
0.13, 0.66, 0.12, 0.13, 1, 0.14, 0.82, 0.66, 0.14, 1, 0.2, 0.12, 
0.82, 0.2, 1), .Dim = c(4L, 4L), .Dimnames = list(c("F1", "S1", 
"F2", "S2"), c("F1", "S1", "F2", "S2"))), `O'Driscoll et al. (2004)` = structure(c(1, 
0.13, 0.62, 0.08, 0.13, 1, 0.11, 0.7, 0.62, 0.11, 1, 0.18, 0.08, 
0.7, 0.18, 1), .Dim = c(4L, 4L), .Dimnames = list(c("F1", "S1", 
"F2", "S2"), c("F1", "S1", "F2", "S2"))), `Rantanen et al. (2008)` = structure(c(1, 
0.16, 0.39, 0.03, 0.16, 1, 0.16, 0.51, 0.39, 0.16, 1, 0.17, 0.03, 
0.51, 0.17, 1), .Dim = c(4L, 4L), .Dimnames = list(c("F1", "S1", 
"F2", "S2"), c("F1", "S1", "F2", "S2"))), `Semmer et al. (2005)` = structure(c(1, 
0.16, 0.26, 0.07, 0.16, 1, 0.11, 0.51, 0.26, 0.11, 1, 0.23, 0.07, 
0.51, 0.23, 1), .Dim = c(4L, 4L), .Dimnames = list(c("F1", "S1", 
"F2", "S2"), c("F1", "S1", "F2", "S2"))), `Westman et al. (2008)` = structure(c(1, 
0.5, 0.64, 0.37, 0.5, 1, 0.34, 0.81, 0.64, 0.34, 1, 0.47, 0.37, 
0.81, 0.47, 1), .Dim = c(4L, 4L), .Dimnames = list(c("F1", "S1", 
"F2", "S2"), c("F1", "S1", "F2", "S2")))), .Names = c("Demerouti et al. (2007)", 
"Ford (2010)", "Hammer et al. (2005), female subsample", "Hammer et al. (2005), male subsample", 
"Innstrand et al. (2008)", "Kelloway et al. (1999)", "Kinnunen et al. (2010), female subsample", 
"Kinnunen et al. (2010), male subsample", "Leiter & Durup (1996)", 
"Meier et al. (2010)", "Meier et al. (2010)", "Meier et al. (2010)", 
"Meier et al. (2010)", "Nohe & Sonntag (2010)", "Nohe & Sonntag (2010)", 
"Nohe & Sonntag (2014)", "O'Driscoll et al. (2004)", "Rantanen et al. (2008)", 
"Semmer et al. (2005)", "Westman et al. (2008)")), n = c(123, 
328, 234, 234, 2235, 236, 239, 239, 151, 256, 600, 462, 215, 
1292, 470, 665, 403, 153, 382, 66), RelF1 = c(0.79, 0.74, 0.88, 
0.88, 0.79, 0.8, 0.54, 0.53, 0.72, 0.74, 0.74, 0.79, 0.73, 0.74, 
0.68, 0.81, 0.87, 0.79, 0.59, 0.83), RelF2 = c(0.75, 0.76, 0.88, 
0.88, 0.76, 0.8, 0.66, 0.53, 0.7, 0.73, 0.75, 0.78, 0.73, 0.78, 
0.75, 0.81, 0.88, 0.71, 0.7, 0.83), RelS2 = c(0.82, 0.82, 0.9, 
0.87, 0.86, 0.89, 0.83, 0.81, 0.77, 0.76, 0.79, 0.8, 0.81, 0.83, 
0.79, 0.86, 0.84, 0.84, 0.85, 0.92), RelS2 = c(0.83, 0.84, 0.9, 
0.87, 0.88, 0.91, 0.86, 0.85, 0.86, 0.79, 0.8, 0.83, 0.82, 0.84, 
0.84, 0.88, 0.83, 0.84, 0.87, 0.92), FemalePer = c(39, 49, 100, 
0, 46, 69, 100, 0, 100, 56, 24, 9, 48, 17, 6, 21, 54, 49, 63, 
30), Publication = c("P", "U", "P", "P", "P", "P", "P", "P", 
"P", "U", "U", "U", "U", "U", "U", "U", "P", "P", "U", "P"), 
    Lag = c(1, 1, 12, 12, 24, 6, 12, 12, 3, 9, 15, 12, 15, 9, 
    9, 5, 3, 72, 72, 0.3), Country = c("the Netherlands", 
"United States", "United States", "United States", "Norway", 
"Canada", "Finland", "Finland", "Canada", "Switzerland", "Switzerland", 
"Switzerland", "Switzerland", "Germany", "Germany", "Germany", 
"New Zealand", "Finland", "Switzerland", "Israel")), .Names = c("data", "n", "RelF1", 
"RelF2", "RelS2", "RelS2", "FemalePer", "Publication", "Lag", "Country"))
