Nohe15A1 <-
structure(list(data = structure(list(`Britt & Dawson (2005)` = structure(c(1, 
0.29, 0.58, 0.22, 0.29, 1, 0.24, 0.57, 0.58, 0.24, 1, 0.27, 0.22, 
0.57, 0.27, 1), .Dim = c(4L, 4L), .Dimnames = list(c("W1", "S1", 
"W2", "S2"), c("W1", "S1", "W2", "S2"))), `Demerouti et al. (2004)` = structure(c(1, 
0.53, 0.57, 0.41, 0.53, 1, 0.41, 0.68, 0.57, 0.41, 1, 0.54, 0.41, 
0.68, 0.54, 1), .Dim = c(4L, 4L), .Dimnames = list(c("W1", "S1", 
"W2", "S2"), c("W1", "S1", "W2", "S2"))), `Ford (2010)` = structure(c(1, 
0.35, 0.75, 0.32, 0.35, 1, 0.26, 0.74, 0.75, 0.26, 1, 0.3, 0.32, 
0.74, 0.3, 1), .Dim = c(4L, 4L), .Dimnames = list(c("W1", "S1", 
"W2", "S2"), c("W1", "S1", "W2", "S2"))), `Hammer et al. (2005), female subsample` = structure(c(1, 
0.32, 0.57, 0.22, 0.32, 1, 0.3, 0.43, 0.57, 0.3, 1, 0.3, 0.22, 
0.43, 0.3, 1), .Dim = c(4L, 4L), .Dimnames = list(c("W1", "S1", 
"W2", "S2"), c("W1", "S1", "W2", "S2"))), `Hammer et al. (2005), male subsample` = structure(c(1, 
0.19, 0.54, 0.17, 0.19, 1, 0.21, 0.6, 0.54, 0.21, 1, 0.3, 0.17, 
0.6, 0.3, 1), .Dim = c(4L, 4L), .Dimnames = list(c("W1", "S1", 
"W2", "S2"), c("W1", "S1", "W2", "S2"))), `Innstrand et al. (2008)` = structure(c(1, 
0.42, 0.63, 0.31, 0.42, 1, 0.3, 0.62, 0.63, 0.3, 1, 0.44, 0.31, 
0.62, 0.44, 1), .Dim = c(4L, 4L), .Dimnames = list(c("W1", "S1", 
"W2", "S2"), c("W1", "S1", "W2", "S2"))), `Jacobshagen et al. (2006)` = structure(c(1, 
0.46, 0.5, 0.38, 0.46, 1, 0.29, 0.64, 0.5, 0.29, 1, 0.44, 0.38, 
0.64, 0.44, 1), .Dim = c(4L, 4L), .Dimnames = list(c("W1", "S1", 
"W2", "S2"), c("W1", "S1", "W2", "S2"))), `Kalin et al. (2008)` = structure(c(1, 
0.42, 0.52, 0.28, 0.42, 1, 0.26, 0.54, 0.52, 0.26, 1, 0.38, 0.28, 
0.54, 0.38, 1), .Dim = c(4L, 4L), .Dimnames = list(c("W1", "S1", 
"W2", "S2"), c("W1", "S1", "W2", "S2"))), `Kelloway et al. (1999)` = structure(c(1, 
0.55, 0.71, 0.43, 0.55, 1, 0.48, 0.72, 0.71, 0.48, 1, 0.46, 0.43, 
0.72, 0.46, 1), .Dim = c(4L, 4L), .Dimnames = list(c("W1", "S1", 
"W2", "S2"), c("W1", "S1", "W2", "S2"))), `Kinnunen et al. (2010), female subsample` = structure(c(1, 
0.11, 0.57, 0.18, 0.11, 1, 0.18, 0.71, 0.57, 0.18, 1, 0.22, 0.18, 
0.71, 0.22, 1), .Dim = c(4L, 4L), .Dimnames = list(c("W1", "S1", 
"W2", "S2"), c("W1", "S1", "W2", "S2"))), `Kinnunen et al. (2010), male subsample` = structure(c(1, 
0.13, 0.59, 0.17, 0.13, 1, 0.17, 0.62, 0.59, 0.17, 1, 0.23, 0.17, 
0.62, 0.23, 1), .Dim = c(4L, 4L), .Dimnames = list(c("W1", "S1", 
"W2", "S2"), c("W1", "S1", "W2", "S2"))), `Kinnunen et al. (2004), female subsample` = structure(c(1, 
0.28, 0.71, 0.31, 0.28, 1, 0.27, 0.61, 0.71, 0.27, 1, 0.34, 0.31, 
0.61, 0.34, 1), .Dim = c(4L, 4L), .Dimnames = list(c("W1", "S1", 
"W2", "S2"), c("W1", "S1", "W2", "S2"))), `Kinnunen et al. (2004), male subsample` = structure(c(1, 
0.3, 0.63, 0.24, 0.3, 1, 0.35, 0.65, 0.63, 0.35, 1, 0.38, 0.24, 
0.65, 0.38, 1), .Dim = c(4L, 4L), .Dimnames = list(c("W1", "S1", 
"W2", "S2"), c("W1", "S1", "W2", "S2"))), `Leiter & Durup (1996)` = structure(c(1, 
0.33, 0.61, 0.29, 0.33, 1, 0.35, 0.67, 0.61, 0.35, 1, 0.42, 0.29, 
0.67, 0.42, 1), .Dim = c(4L, 4L), .Dimnames = list(c("W1", "S1", 
"W2", "S2"), c("W1", "S1", "W2", "S2"))), `Mauno (2010)` = structure(c(1, 
0.54, 0.66, 0.45, 0.54, 1, 0.34, 0.56, 0.66, 0.34, 1, 0.65, 0.45, 
0.56, 0.65, 1), .Dim = c(4L, 4L), .Dimnames = list(c("W1", "S1", 
"W2", "S2"), c("W1", "S1", "W2", "S2"))), `Meier et al. (2007)` = structure(c(1, 
0.42, 0.57, 0.4, 0.42, 1, 0.37, 0.64, 0.57, 0.37, 1, 0.56, 0.4, 
0.64, 0.56, 1), .Dim = c(4L, 4L), .Dimnames = list(c("W1", "S1", 
"W2", "S2"), c("W1", "S1", "W2", "S2"))), `Meier et al. (2010)` = structure(c(1, 
0.4, 0.65, 0.33, 0.4, 1, 0.25, 0.6, 0.65, 0.25, 1, 0.47, 0.33, 
0.6, 0.47, 1), .Dim = c(4L, 4L), .Dimnames = list(c("W1", "S1", 
"W2", "S2"), c("W1", "S1", "W2", "S2"))), `Meier et al. (2010)` = structure(c(1, 
0.49, 0.57, 0.27, 0.49, 1, 0.29, 0.56, 0.57, 0.29, 1, 0.4, 0.27, 
0.56, 0.4, 1), .Dim = c(4L, 4L), .Dimnames = list(c("W1", "S1", 
"W2", "S2"), c("W1", "S1", "W2", "S2"))), `Meier et al. (2010)` = structure(c(1, 
0.41, 0.58, 0.28, 0.41, 1, 0.23, 0.56, 0.58, 0.23, 1, 0.4, 0.28, 
0.56, 0.4, 1), .Dim = c(4L, 4L), .Dimnames = list(c("W1", "S1", 
"W2", "S2"), c("W1", "S1", "W2", "S2"))), `Meier et al. (2010)` = structure(c(1, 
0.42, 0.56, 0.33, 0.42, 1, 0.28, 0.53, 0.56, 0.28, 1, 0.51, 0.33, 
0.53, 0.51, 1), .Dim = c(4L, 4L), .Dimnames = list(c("W1", "S1", 
"W2", "S2"), c("W1", "S1", "W2", "S2"))), `Meier et al. (2010)` = structure(c(1, 
0.41, 0.58, 0.31, 0.41, 1, 0.32, 0.64, 0.58, 0.32, 1, 0.48, 0.31, 
0.64, 0.48, 1), .Dim = c(4L, 4L), .Dimnames = list(c("W1", "S1", 
"W2", "S2"), c("W1", "S1", "W2", "S2"))), `Nohe & Sonntag (2010)` = structure(c(1, 
0.62, 0.71, 0.54, 0.62, 1, 0.5, 0.75, 0.71, 0.5, 1, 0.66, 0.54, 
0.75, 0.66, 1), .Dim = c(4L, 4L), .Dimnames = list(c("W1", "S1", 
"W2", "S2"), c("W1", "S1", "W2", "S2"))), `Nohe & Sonntag (2010)` = structure(c(1, 
0.63, 0.66, 0.36, 0.63, 1, 0.51, 0.46, 0.66, 0.51, 1, 0.34, 0.36, 
0.46, 0.34, 1), .Dim = c(4L, 4L), .Dimnames = list(c("W1", "S1", 
"W2", "S2"), c("W1", "S1", "W2", "S2"))), `Nohe & Sonntag (2014)` = structure(c(1, 
0.68, 0.75, 0.59, 0.68, 1, 0.6, 0.82, 0.75, 0.6, 1, 0.69, 0.59, 
0.82, 0.69, 1), .Dim = c(4L, 4L), .Dimnames = list(c("W1", "S1", 
"W2", "S2"), c("W1", "S1", "W2", "S2"))), `O'Driscoll et al. (2004)` = structure(c(1, 
0.24, 0.7, 0.15, 0.24, 1, 0.2, 0.7, 0.7, 0.2, 1, 0.14, 0.15, 
0.7, 0.14, 1), .Dim = c(4L, 4L), .Dimnames = list(c("W1", "S1", 
"W2", "S2"), c("W1", "S1", "W2", "S2"))), `Rantanen et al. (2008)` = structure(c(1, 
0.14, 0.54, 0.07, 0.14, 1, 0.24, 0.51, 0.54, 0.24, 1, 0.16, 0.07, 
0.51, 0.16, 1), .Dim = c(4L, 4L), .Dimnames = list(c("W1", "S1", 
"W2", "S2"), c("W1", "S1", "W2", "S2"))), `Schaufeli et al. (2009)` = structure(c(1, 
0.46, 0.5, 0.41, 0.46, 1, 0.18, 0.65, 0.5, 0.18, 1, 0.36, 0.41, 
0.65, 0.36, 1), .Dim = c(4L, 4L), .Dimnames = list(c("W1", "S1", 
"W2", "S2"), c("W1", "S1", "W2", "S2"))), `Semmer et al. (2005)` = structure(c(1, 
0.3, 0.23, 0.17, 0.3, 1, 0.16, 0.51, 0.23, 0.16, 1, 0.33, 0.17, 
0.51, 0.33, 1), .Dim = c(4L, 4L), .Dimnames = list(c("W1", "S1", 
"W2", "S2"), c("W1", "S1", "W2", "S2"))), `Steinmetz et al. (2008)` = structure(c(1, 
0.25, 0.82, 0.25, 0.25, 1, 0.34, 0.62, 0.82, 0.34, 1, 0.39, 0.25, 
0.62, 0.39, 1), .Dim = c(4L, 4L), .Dimnames = list(c("W1", "S1", 
"W2", "S2"), c("W1", "S1", "W2", "S2"))), `van der Heijden et al. (2008)` = structure(c(1, 
0.23, 0.48, 0.18, 0.23, 1, 0.2, 0.59, 0.48, 0.2, 1, 0.22, 0.18, 
0.59, 0.22, 1), .Dim = c(4L, 4L), .Dimnames = list(c("W1", "S1", 
"W2", "S2"), c("W1", "S1", "W2", "S2"))), `van Hooff et al. (2005)` = structure(c(1, 
0.28, 0.62, 0.22, 0.28, 1, 0.2, 0.44, 0.62, 0.2, 1, 0.31, 0.22, 
0.44, 0.31, 1), .Dim = c(4L, 4L), .Dimnames = list(c("W1", "S1", 
"W2", "S2"), c("W1", "S1", "W2", "S2"))), `Westman et al. (2008)` = structure(c(1, 
0.41, 0.64, 0.32, 0.41, 1, 0.29, 0.81, 0.64, 0.29, 1, 0.46, 0.32, 
0.81, 0.46, 1), .Dim = c(4L, 4L), .Dimnames = list(c("W1", "S1", 
"W2", "S2"), c("W1", "S1", "W2", "S2")))), .Names = c("Britt & Dawson (2005)", 
"Demerouti et al. (2004)", "Ford (2010)", "Hammer et al. (2005), female subsample", 
"Hammer et al. (2005), male subsample", "Innstrand et al. (2008)", 
"Jacobshagen et al. (2006)", "Kalin et al. (2008)", "Kelloway et al. (1999)", 
"Kinnunen et al. (2010), female subsample", "Kinnunen et al. (2010), male subsample", 
"Kinnunen et al. (2004), female subsample", "Kinnunen et al. (2004), male subsample", 
"Leiter & Durup (1996)", "Mauno (2010)", "Meier et al. (2007)", 
"Meier et al. (2010)", "Meier et al. (2010)", "Meier et al. (2010)", 
"Meier et al. (2010)", "Meier et al. (2010)", "Nohe & Sonntag (2010)", 
"Nohe & Sonntag (2010)", "Nohe & Sonntag (2014)", "O'Driscoll et al. (2004)", 
"Rantanen et al. (2008)", "Schaufeli et al. (2009)", "Semmer et al. (2005)", 
"Steinmetz et al. (2008)", "van der Heijden et al. (2008)", "van Hooff et al. (2005)", 
"Westman et al. (2008)")),