Norton13 <-
structure(list(data = structure(list(`Annunziata, et al. (2010)` = structure(c(1, 
0.315, 0.471, 0.335, 0.535, 0.465, 0.416, 0.285, 0.54, 0.202, 
0.351, 0.354, 0.458, 0.288, 0.315, 1, 0.248, 0.482, 0.318, 0.41, 
0.411, 0.327, 0.354, 0.352, 0.18, 0.366, 0.286, 0.38, 0.471, 
0.248, 1, 0.373, 0.557, 0.389, 0.346, 0.275, 0.385, 0.203, 0.301, 
0.359, 0.482, 0.278, 0.335, 0.482, 0.373, 1, 0.328, 0.515, 0.459, 
0.285, 0.334, 0.27, 0.187, 0.413, 0.307, 0.395, 0.535, 0.318, 
0.557, 0.328, 1, 0.416, 0.35, 0.269, 0.446, 0.217, 0.285, 0.354, 
0.459, 0.27, 0.465, 0.41, 0.389, 0.515, 0.416, 1, 0.553, 0.381, 
0.391, 0.332, 0.291, 0.423, 0.364, 0.432, 0.416, 0.411, 0.346, 
0.459, 0.35, 0.553, 1, 0.372, 0.392, 0.321, 0.316, 0.341, 0.333, 
0.442, 0.285, 0.327, 0.275, 0.285, 0.269, 0.381, 0.372, 1, 0.324, 
0.301, 0.252, 0.287, 0.27, 0.274, 0.54, 0.354, 0.385, 0.334, 
0.446, 0.391, 0.392, 0.324, 1, 0.236, 0.368, 0.352, 0.467, 0.329, 
0.202, 0.352, 0.203, 0.27, 0.217, 0.332, 0.321, 0.301, 0.236, 
1, 0.125, 0.259, 0.285, 0.29, 0.351, 0.18, 0.301, 0.187, 0.285, 
0.291, 0.316, 0.252, 0.368, 0.125, 1, 0.311, 0.337, 0.198, 0.354, 
0.366, 0.359, 0.413, 0.354, 0.423, 0.341, 0.287, 0.352, 0.259, 
0.311, 1, 0.323, 0.315, 0.458, 0.286, 0.482, 0.307, 0.459, 0.364, 
0.333, 0.27, 0.467, 0.285, 0.337, 0.323, 1, 0.254, 0.288, 0.38, 
0.278, 0.395, 0.27, 0.432, 0.442, 0.274, 0.329, 0.29, 0.198, 
0.315, 0.254, 1), .Dim = c(14L, 14L), .Dimnames = list(c("x1", 
"x2", "x3", "x4", "x5", "x6", "x7", "x8", "x9", "x10", "x11", 
"x12", "x13", "x14"), c("x1", "x2", "x3", "x4", "x5", "x6", "x7", 
"x8", "x9", "x10", "x11", "x12", "x13", "x14"))), `Caci, et al. (2003)` = structure(c(1, 
0.126, 0.362, 0.309, 0.44, 0.346, 0.176, 0.151, 0.276, 0.068, 
0.239, 0.252, 0.419, 0.095, 0.126, 1, 0.1, 0.187, 0.109, 0.198, 
0.106, 0.036, 0.086, -0.03, 0.033, 0.095, 0.116, 0.068, 0.362, 
0.1, 1, 0.212, 0.558, 0.157, 0.126, 0.057, 0.342, -0.028, 0.08, 
0.095, 0.445, -0.044, 0.309, 0.187, 0.212, 1, 0.3, 0.382, 0.113, 
0.12, 0.148, 0.191, 0.041, 0.243, 0.221, 0.109, 0.44, 0.109, 
0.558, 0.3, 1, 0.269, 0.151, 0.179, 0.492, 0.064, 0.095, 0.123, 
0.55, 0.066, 0.346, 0.198, 0.157, 0.382, 0.269, 1, 0.208, 0.195, 
0.161, 0.082, 0.028, 0.258, 0.285, 0.111, 0.176, 0.106, 0.126, 
0.113, 0.151, 0.208, 1, -0.087, 0.045, -0.107, 0.309, 0.151, 
0.125, 0.196, 0.151, 0.036, 0.057, 0.12, 0.179, 0.195, -0.087, 
1, 0.058, 0.131, -0.089, 0.115, 0.118, 0.037, 0.276, 0.086, 0.342, 
0.148, 0.492, 0.161, 0.045, 0.058, 1, -0.065, 0.128, 0.08, 0.464, 
0.103, 0.068, -0.03, -0.028, 0.191, 0.064, 0.082, -0.107, 0.131, 
-0.065, 1, 0.048, 0.065, 0.002, -0.027, 0.239, 0.033, 0.08, 0.041, 
0.095, 0.028, 0.309, -0.089, 0.128, 0.048, 1, 0.112, 0.141, 0.198, 
0.252, 0.095, 0.095, 0.243, 0.123, 0.258, 0.151, 0.115, 0.08, 
0.065, 0.112, 1, 0.239, 0.192, 0.419, 0.116, 0.445, 0.221, 0.55, 
0.285, 0.125, 0.118, 0.464, 0.002, 0.141, 0.239, 1, 0.074, 0.095, 
0.068, -0.044, 0.109, 0.066, 0.111, 0.196, 0.037, 0.103, -0.027, 
0.198, 0.192, 0.074, 1), .Dim = c(14L, 14L), .Dimnames = list(
    c("x1", "x2", "x3", "x4", "x5", "x6", "x7", "x8", "x9", "x10", 
    "x11", "x12", "x13", "x14"), c("x1", "x2", "x3", "x4", "x5", 
    "x6", "x7", "x8", "x9", "x10", "x11", "x12", "x13", "x14"
    ))), `Chan, et al. (2010)` = structure(c(1, 0.138, 0.487, 
0.096, 0.533, 0.308, 0.328, 0.319, 0.304, 0.123, 0.283, 0.089, 
0.469, 0.142, 0.138, 1, 0.113, 0.255, 0.18, 0.18, 0.239, 0.138, 
0.151, 0.091, 0.103, 0.24, 0.183, 0.224, 0.487, 0.113, 1, 0.097, 
0.484, 0.268, 0.276, 0.282, 0.337, 0.157, 0.294, 0.111, 0.482, 
0.124, 0.096, 0.255, 0.097, 1, 0.158, 0.263, 0.232, 0.086, 0.125, 
0.152, 0.106, 0.29, 0.15, 0.231, 0.533, 0.18, 0.484, 0.158, 1, 
0.384, 0.354, 0.324, 0.301, 0.174, 0.3, 0.177, 0.464, 0.178, 
0.308, 0.18, 0.268, 0.263, 0.384, 1, 0.312, 0.245, 0.2, 0.215, 
0.186, 0.228, 0.28, 0.229, 0.328, 0.239, 0.276, 0.232, 0.354, 
0.312, 1, 0.223, 0.262, 0.141, 0.231, 0.223, 0.288, 0.245, 0.319, 
0.138, 0.282, 0.086, 0.324, 0.245, 0.223, 1, 0.219, 0.18, 0.223, 
0.154, 0.342, 0.127, 0.304, 0.151, 0.337, 0.125, 0.301, 0.2, 
0.262, 0.219, 1, 0.1, 0.252, 0.145, 0.374, 0.164, 0.123, 0.091, 
0.157, 0.152, 0.174, 0.215, 0.141, 0.18, 0.1, 1, 0.168, 0.199, 
0.162, 0.155, 0.283, 0.103, 0.294, 0.106, 0.3, 0.186, 0.231, 
0.223, 0.252, 0.168, 1, 0.101, 0.411, 0.133, 0.089, 0.24, 0.111, 
0.29, 0.177, 0.228, 0.223, 0.154, 0.145, 0.199, 0.101, 1, 0.153, 
0.279, 0.469, 0.183, 0.482, 0.15, 0.464, 0.28, 0.288, 0.342, 
0.374, 0.162, 0.411, 0.153, 1, 0.18, 0.142, 0.224, 0.124, 0.231, 
0.178, 0.229, 0.245, 0.127, 0.164, 0.155, 0.133, 0.279, 0.18, 
1), .Dim = c(14L, 14L), .Dimnames = list(c("x1", "x2", "x3", 
"x4", "x5", "x6", "x7", "x8", "x9", "x10", "x11", "x12", "x13", 
"x14"), c("x1", "x2", "x3", "x4", "x5", "x6", "x7", "x8", "x9", 
"x10", "x11", "x12", "x13", "x14"))), `Cosco, et al. (2012)` = structure(c(1, 
0.343, 0.494, 0.293, 0.522, 0.378, 0.326, 0.296, 0.337, 0.272, 
0.355, 0.338, 0.472, 0.161, 0.343, 1, 0.264, 0.51, 0.313, 0.309, 
0.32, 0.429, 0.265, 0.244, 0.199, 0.558, 0.283, 0.254, 0.494, 
0.264, 1, 0.29, 0.541, 0.39, 0.285, 0.257, 0.416, 0.282, 0.302, 
0.285, 0.532, 0.175, 0.293, 0.51, 0.29, 1, 0.286, 0.339, 0.334, 
0.318, 0.282, 0.275, 0.136, 0.495, 0.243, 0.213, 0.522, 0.313, 
0.541, 0.286, 1, 0.429, 0.344, 0.287, 0.35, 0.284, 0.312, 0.321, 
0.533, 0.189, 0.378, 0.309, 0.39, 0.339, 0.429, 1, 0.337, 0.262, 
0.248, 0.311, 0.267, 0.381, 0.41, 0.254, 0.326, 0.32, 0.285, 
0.334, 0.344, 0.337, 1, 0.185, 0.463, 0.233, 0.219, 0.36, 0.291, 
0.27, 0.296, 0.429, 0.257, 0.318, 0.287, 0.262, 0.185, 1, 0.214, 
0.291, 0.205, 0.413, 0.322, 0.103, 0.337, 0.265, 0.416, 0.282, 
0.35, 0.248, 0.463, 0.214, 1, 0.221, 0.188, 0.248, 0.399, 0.188, 
0.272, 0.244, 0.282, 0.275, 0.284, 0.311, 0.233, 0.291, 0.221, 
1, 0.185, 0.363, 0.278, 0.113, 0.355, 0.199, 0.302, 0.136, 0.312, 
0.267, 0.219, 0.205, 0.188, 0.185, 1, 0.234, 0.345, 0.14, 0.338, 
0.558, 0.285, 0.495, 0.321, 0.381, 0.36, 0.413, 0.248, 0.363, 
0.234, 1, 0.331, 0.274, 0.472, 0.283, 0.532, 0.243, 0.533, 0.41, 
0.291, 0.322, 0.399, 0.278, 0.345, 0.331, 1, 0.229, 0.161, 0.254, 
0.175, 0.213, 0.189, 0.254, 0.27, 0.103, 0.188, 0.113, 0.14, 
0.274, 0.229, 1), .Dim = c(14L, 14L), .Dimnames = list(c("x1", 
"x2", "x3", "x4", "x5", "x6", "x7", "x8", "x9", "x10", "x11", 
"x12", "x13", "x14"), c("x1", "x2", "x3", "x4", "x5", "x6", "x7", 
"x8", "x9", "x10", "x11", "x12", "x13", "x14"))), `Dawkins, et al. (2006)` = structure(c(1, 
0.28, 0.51, 0.41, 0.49, 0.34, 0.42, 0.28, 0.47, 0.34, 0.31, 0.41, 
0.47, 0.43, 0.28, 1, 0.25, 0.46, 0.23, 0.52, 0.52, 0.16, 0.26, 
0.38, 0.14, 0.58, 0.29, 0.43, 0.51, 0.25, 1, 0.28, 0.5, 0.36, 
0.44, 0.2, 0.53, 0.29, 0.26, 0.33, 0.68, 0.19, 0.41, 0.46, 0.28, 
1, 0.29, 0.53, 0.45, 0.14, 0.29, 0.23, 0.2, 0.55, 0.32, 0.41, 
0.49, 0.23, 0.5, 0.29, 1, 0.33, 0.36, 0.24, 0.35, 0.25, 0.29, 
0.31, 0.41, 0.27, 0.34, 0.52, 0.36, 0.53, 0.33, 1, 0.53, 0.1, 
0.23, 0.23, 0.16, 0.6, 0.31, 0.37, 0.42, 0.52, 0.44, 0.45, 0.36, 
0.53, 1, 0.15, 0.43, 0.29, 0.4, 0.44, 0.48, 0.39, 0.28, 0.16, 
0.2, 0.14, 0.24, 0.1, 0.15, 1, 0.27, 0.26, 0.09, 0.22, 0.19, 
0.1, 0.47, 0.26, 0.53, 0.29, 0.35, 0.23, 0.43, 0.27, 1, 0.21, 
0.25, 0.2, 0.49, 0.15, 0.34, 0.38, 0.29, 0.23, 0.25, 0.23, 0.29, 
0.26, 0.21, 1, 0.07, 0.35, 0.19, 0.25, 0.31, 0.14, 0.26, 0.2, 
0.29, 0.16, 0.4, 0.09, 0.25, 0.07, 1, 0.22, 0.38, 0.31, 0.41, 
0.58, 0.33, 0.55, 0.31, 0.6, 0.44, 0.22, 0.2, 0.35, 0.22, 1, 
0.33, 0.48, 0.47, 0.29, 0.68, 0.32, 0.41, 0.31, 0.48, 0.19, 0.49, 
0.19, 0.38, 0.33, 1, 0.24, 0.43, 0.43, 0.19, 0.41, 0.27, 0.37, 
0.39, 0.1, 0.15, 0.25, 0.31, 0.48, 0.24, 1), .Dim = c(14L, 14L
),