Norton13 <-
structure(list(data = structure(list(`Annunziata, et al. (2010)` = structure(c(1, 
0.315, 0.471, 0.335, 0.535, 0.465, 0.416, 0.285, 0.54, 0.202, 
0.351, 0.354, 0.458, 0.288, 0.315, 1, 0.248, 0.482, 0.318, 0.41, 
0.411, 0.327, 0.354, 0.352, 0.18, 0.366, 0.286, 0.38, 0.471, 
0.248, 1, 0.373, 0.557, 0.389, 0.346, 0.275, 0.385, 0.203, 0.301, 
0.359, 0.482, 0.278, 0.335, 0.482, 0.373, 1, 0.328, 0.515, 0.459, 
0.285, 0.334, 0.27, 0.187, 0.413, 0.307, 0.395, 0.535, 0.318, 
0.557, 0.328, 1, 0.416, 0.35, 0.269, 0.446, 0.217, 0.285, 0.354, 
0.459, 0.27, 0.465, 0.41, 0.389, 0.515, 0.416, 1, 0.553, 0.381, 
0.391, 0.332, 0.291, 0.423, 0.364, 0.432, 0.416, 0.411, 0.346, 
0.459, 0.35, 0.553, 1, 0.372, 0.392, 0.321, 0.316, 0.341, 0.333, 
0.442, 0.285, 0.327, 0.275, 0.285, 0.269, 0.381, 0.372, 1, 0.324, 
0.301, 0.252, 0.287, 0.27, 0.274, 0.54, 0.354, 0.385, 0.334, 
0.446, 0.391, 0.392, 0.324, 1, 0.236, 0.368, 0.352, 0.467, 0.329, 
0.202, 0.352, 0.203, 0.27, 0.217, 0.332, 0.321, 0.301, 0.236, 
1, 0.125, 0.259, 0.285, 0.29, 0.351, 0.18, 0.301, 0.187, 0.285, 
0.291, 0.316, 0.252, 0.368, 0.125, 1, 0.311, 0.337, 0.198, 0.354, 
0.366, 0.359, 0.413, 0.354, 0.423, 0.341, 0.287, 0.352, 0.259, 
0.311, 1, 0.323, 0.315, 0.458, 0.286, 0.482, 0.307, 0.459, 0.364, 
0.333, 0.27, 0.467, 0.285, 0.337, 0.323, 1, 0.254, 0.288, 0.38, 
0.278, 0.395, 0.27, 0.432, 0.442, 0.274, 0.329, 0.29, 0.198, 
0.315, 0.254, 1), .Dim = c(14L, 14L), .Dimnames = list(c("x1", 
"x2", "x3", "x4", "x5", "x6", "x7", "x8", "x9", "x10", "x11", 
"x12", "x13", "x14"), c("x1", "x2", "x3", "x4", "x5", "x6", "x7", 
"x8", "x9", "x10", "x11", "x12", "x13", "x14"))), `Caci, et al. (2003)` = structure(c(1, 
0.126, 0.362, 0.309, 0.44, 0.346, 0.176, 0.151, 0.276, 0.068, 
0.239, 0.252, 0.419, 0.095, 0.126, 1, 0.1, 0.187, 0.109, 0.198, 
0.106, 0.036, 0.086, -0.03, 0.033, 0.095, 0.116, 0.068, 0.362, 
0.1, 1, 0.212, 0.558, 0.157, 0.126, 0.057, 0.342, -0.028, 0.08, 
0.095, 0.445, -0.044, 0.309, 0.187, 0.212, 1, 0.3, 0.382, 0.113, 
0.12, 0.148, 0.191, 0.041, 0.243, 0.221, 0.109, 0.44, 0.109, 
0.558, 0.3, 1, 0.269, 0.151, 0.179, 0.492, 0.064, 0.095, 0.123, 
0.55, 0.066, 0.346, 0.198, 0.157, 0.382, 0.269, 1, 0.208, 0.195, 
0.161, 0.082, 0.028, 0.258, 0.285, 0.111, 0.176, 0.106, 0.126, 
0.113, 0.151, 0.208, 1, -0.087, 0.045, -0.107, 0.309, 0.151, 
0.125, 0.196, 0.151, 0.036, 0.057, 0.12, 0.179, 0.195, -0.087, 
1, 0.058, 0.131, -0.089, 0.115, 0.118, 0.037, 0.276, 0.086, 0.342, 
0.148, 0.492, 0.161, 0.045, 0.058, 1, -0.065, 0.128, 0.08, 0.464, 
0.103, 0.068, -0.03, -0.028, 0.191, 0.064, 0.082, -0.107, 0.131, 
-0.065, 1, 0.048, 0.065, 0.002, -0.027, 0.239, 0.033, 0.08, 0.041, 
0.095, 0.028, 0.309, -0.089, 0.128, 0.048, 1, 0.112, 0.141, 0.198, 
0.252, 0.095, 0.095, 0.243, 0.123, 0.258, 0.151, 0.115, 0.08, 
0.065, 0.112, 1, 0.239, 0.192, 0.419, 0.116, 0.445, 0.221, 0.55, 
0.285, 0.125, 0.118, 0.464, 0.002, 0.141, 0.239, 1, 0.074, 0.095, 
0.068, -0.044, 0.109, 0.066, 0.111, 0.196, 0.037, 0.103, -0.027, 
0.198, 0.192, 0.074, 1), .Dim = c(14L, 14L), .Dimnames = list(
    c("x1", "x2", "x3", "x4", "x5", "x6", "x7", "x8", "x9", "x10", 
    "x11", "x12", "x13", "x14"), c("x1", "x2", "x3", "x4", "x5", 
    "x6", "x7", "x8", "x9", "x10", "x11", "x12", "x13", "x14"
    ))), `Chan, et al. (2010)` = structure(c(1, 0.138, 0.487, 
0.096, 0.533, 0.308, 0.328, 0.319, 0.304, 0.123, 0.283, 0.089, 
0.469, 0.142, 0.138, 1, 0.113, 0.255, 0.18, 0.18, 0.239, 0.138, 
0.151, 0.091, 0.103, 0.24, 0.183, 0.224, 0.487, 0.113, 1, 0.097, 
0.484, 0.268, 0.276, 0.282, 0.337, 0.157, 0.294, 0.111, 0.482, 
0.124, 0.096, 0.255, 0.097, 1, 0.158, 0.263, 0.232, 0.086, 0.125, 
0.152, 0.106, 0.29, 0.15, 0.231, 0.533, 0.18, 0.484, 0.158, 1, 
0.384, 0.354, 0.324, 0.301, 0.174, 0.3, 0.177, 0.464, 0.178, 
0.308, 0.18, 0.268, 0.263, 0.384, 1, 0.312, 0.245, 0.2, 0.215, 
0.186, 0.228, 0.28, 0.229, 0.328, 0.239, 0.276, 0.232, 0.354, 
0.312, 1, 0.223, 0.262, 0.141, 0.231, 0.223, 0.288, 0.245, 0.319, 
0.138, 0.282, 0.086, 0.324, 0.245, 0.223, 1, 0.219, 0.18, 0.223, 
0.154, 0.342, 0.127, 0.304, 0.151, 0.337, 0.125, 0.301, 0.2, 
0.262, 0.219, 1, 0.1, 0.252, 0.145, 0.374, 0.164, 0.123, 0.091, 
0.157, 0.152, 0.174, 0.215, 0.141, 0.18, 0.1, 1, 0.168, 0.199, 
0.162, 0.155, 0.283, 0.103, 0.294, 0.106, 0.3, 0.186, 0.231, 
0.223, 0.252, 0.168, 1, 0.101, 0.411, 0.133, 0.089, 0.24, 0.111, 
0.29, 0.177, 0.228, 0.223, 0.154, 0.145, 0.199, 0.101, 1, 0.153, 
0.279, 0.469, 0.183, 0.482, 0.15, 0.464, 0.28, 0.288, 0.342, 
0.374, 0.162, 0.411, 0.153, 1, 0.18, 0.142, 0.224, 0.124, 0.231, 
0.178, 0.229, 0.245, 0.127, 0.164, 0.155, 0.133, 0.279, 0.18, 
1), .Dim = c(14L, 14L), .Dimnames = list(c("x1", "x2", "x3", 
"x4", "x5", "x6", "x7", "x8", "x9", "x10", "x11", "x12", "x13", 
"x14"), c("x1", "x2", "x3", "x4", "x5", "x6", "x7", "x8", "x9", 
"x10", "x11", "x12", "x13", "x14"))), `Cosco, et al. (2012)` = structure(c(1, 
0.343, 0.494, 0.293, 0.522, 0.378, 0.326, 0.296, 0.337, 0.272, 
0.355, 0.338, 0.472, 0.161, 0.343, 1, 0.264, 0.51, 0.313, 0.309, 
0.32, 0.429, 0.265, 0.244, 0.199, 0.558, 0.283, 0.254, 0.494, 
0.264, 1, 0.29, 0.541, 0.39, 0.285, 0.257, 0.416, 0.282, 0.302, 
0.285, 0.532, 0.175, 0.293, 0.51, 0.29, 1, 0.286, 0.339, 0.334, 
0.318, 0.282, 0.275, 0.136, 0.495, 0.243, 0.213, 0.522, 0.313, 
0.541, 0.286, 1, 0.429, 0.344, 0.287, 0.35, 0.284, 0.312, 0.321, 
0.533, 0.189, 0.378, 0.309, 0.39, 0.339, 0.429, 1, 0.337, 0.262, 
0.248, 0.311, 0.267, 0.381, 0.41, 0.254, 0.326, 0.32, 0.285, 
0.334, 0.344, 0.337, 1, 0.185, 0.463, 0.233, 0.219, 0.36, 0.291, 
0.27, 0.296, 0.429, 0.257, 0.318, 0.287, 0.262, 0.185, 1, 0.214, 
0.291, 0.205, 0.413, 0.322, 0.103, 0.337, 0.265, 0.416, 0.282, 
0.35, 0.248, 0.463, 0.214, 1, 0.221, 0.188, 0.248, 0.399, 0.188, 
0.272, 0.244, 0.282, 0.275, 0.284, 0.311, 0.233, 0.291, 0.221, 
1, 0.185, 0.363, 0.278, 0.113, 0.355, 0.199, 0.302, 0.136, 0.312, 
0.267, 0.219, 0.205, 0.188, 0.185, 1, 0.234, 0.345, 0.14, 0.338, 
0.558, 0.285, 0.495, 0.321, 0.381, 0.36, 0.413, 0.248, 0.363, 
0.234, 1, 0.331, 0.274, 0.472, 0.283, 0.532, 0.243, 0.533, 0.41, 
0.291, 0.322, 0.399, 0.278, 0.345, 0.331, 1, 0.229, 0.161, 0.254, 
0.175, 0.213, 0.189, 0.254, 0.27, 0.103, 0.188, 0.113, 0.14, 
0.274, 0.229, 1), .Dim = c(14L, 14L), .Dimnames = list(c("x1", 
"x2", "x3", "x4", "x5", "x6", "x7", "x8", "x9", "x10", "x11", 
"x12", "x13", "x14"), c("x1", "x2", "x3", "x4", "x5", "x6", "x7", 
"x8", "x9", "x10", "x11", "x12", "x13", "x14"))), `Dawkins, et al. (2006)` = structure(c(1, 
0.28, 0.51, 0.41, 0.49, 0.34, 0.42, 0.28, 0.47, 0.34, 0.31, 0.41, 
0.47, 0.43, 0.28, 1, 0.25, 0.46, 0.23, 0.52, 0.52, 0.16, 0.26, 
0.38, 0.14, 0.58, 0.29, 0.43, 0.51, 0.25, 1, 0.28, 0.5, 0.36, 
0.44, 0.2, 0.53, 0.29, 0.26, 0.33, 0.68, 0.19, 0.41, 0.46, 0.28, 
1, 0.29, 0.53, 0.45, 0.14, 0.29, 0.23, 0.2, 0.55, 0.32, 0.41, 
0.49, 0.23, 0.5, 0.29, 1, 0.33, 0.36, 0.24, 0.35, 0.25, 0.29, 
0.31, 0.41, 0.27, 0.34, 0.52, 0.36, 0.53, 0.33, 1, 0.53, 0.1, 
0.23, 0.23, 0.16, 0.6, 0.31, 0.37, 0.42, 0.52, 0.44, 0.45, 0.36, 
0.53, 1, 0.15, 0.43, 0.29, 0.4, 0.44, 0.48, 0.39, 0.28, 0.16, 
0.2, 0.14, 0.24, 0.1, 0.15, 1, 0.27, 0.26, 0.09, 0.22, 0.19, 
0.1, 0.47, 0.26, 0.53, 0.29, 0.35, 0.23, 0.43, 0.27, 1, 0.21, 
0.25, 0.2, 0.49, 0.15, 0.34, 0.38, 0.29, 0.23, 0.25, 0.23, 0.29, 
0.26, 0.21, 1, 0.07, 0.35, 0.19, 0.25, 0.31, 0.14, 0.26, 0.2, 
0.29, 0.16, 0.4, 0.09, 0.25, 0.07, 1, 0.22, 0.38, 0.31, 0.41, 
0.58, 0.33, 0.55, 0.31, 0.6, 0.44, 0.22, 0.2, 0.35, 0.22, 1, 
0.33, 0.48, 0.47, 0.29, 0.68, 0.32, 0.41, 0.31, 0.48, 0.19, 0.49, 
0.19, 0.38, 0.33, 1, 0.24, 0.43, 0.43, 0.19, 0.41, 0.27, 0.37, 
0.39, 0.1, 0.15, 0.25, 0.31, 0.48, 0.24, 1), .Dim = c(14L, 14L
), .Dimnames = list(c("x1", "x2", "x3", "x4", "x5", "x6", "x7", 
"x8", "x9", "x10", "x11", "x12", "x13", "x14"), c("x1", "x2", 
"x3", "x4", "x5", "x6", "x7", "x8", "x9", "x10", "x11", "x12", 
"x13", "x14"))), `Emons, et al. (2010)` = structure(c(1, 0.338, 
0.463, 0.381, 0.511, 0.421, 0.367, 0.408, 0.45, 0.326, 0.327, 
0.296, 0.439, 0.241, 0.338, 1, 0.277, 0.627, 0.291, 0.513, 0.261, 
0.428, 0.297, 0.361, 0.182, 0.565, 0.278, 0.303, 0.463, 0.277, 
1, 0.362, 0.576, 0.344, 0.378, 0.331, 0.477, 0.286, 0.24, 0.228, 
0.625, 0.244, 0.381, 0.627, 0.362, 1, 0.409, 0.587, 0.349, 0.399, 
0.349, 0.345, 0.241, 0.568, 0.343, 0.353, 0.511, 0.291, 0.576, 
0.409, 1, 0.373, 0.382, 0.402, 0.438, 0.325, 0.331, 0.284, 0.516, 
0.239, 0.421, 0.513, 0.344, 0.587, 0.373, 1, 0.375, 0.442, 0.443, 
0.359, 0.156, 0.509, 0.349, 0.313, 0.367, 0.261, 0.378, 0.349, 
0.382, 0.375, 1, 0.315, 0.353, 0.172, 0.376, 0.288, 0.311, 0.41, 
0.408, 0.428, 0.331, 0.399, 0.402, 0.442, 0.315, 1, 0.39, 0.336, 
0.203, 0.408, 0.372, 0.256, 0.45, 0.297, 0.477, 0.349, 0.438, 
0.443, 0.353, 0.39, 1, 0.293, 0.171, 0.312, 0.414, 0.241, 0.326, 
0.361, 0.286, 0.345, 0.325, 0.359, 0.172, 0.336, 0.293, 1, 0.176, 
0.359, 0.241, 0.187, 0.327, 0.182, 0.24, 0.241, 0.331, 0.156, 
0.376, 0.203, 0.171, 0.176, 1, 0.148, 0.292, 0.275, 0.296, 0.565, 
0.228, 0.568, 0.284, 0.509, 0.288, 0.408, 0.312, 0.359, 0.148, 
1, 0.278, 0.302, 0.439, 0.278, 0.625, 0.343, 0.516, 0.349, 0.311, 
0.372, 0.414, 0.241, 0.292, 0.278, 1, 0.242, 0.241, 0.303, 0.244, 
0.353, 0.239, 0.313, 0.41, 0.256, 0.241, 0.187, 0.275, 0.302, 
0.242, 1), .Dim = c(14L, 14L), .Dimnames = list(c("x1", "x2", 
"x3", "x4", "x5", "x6", "x7", "x8", "x9", "x10", "x11", "x12", 
"x13", "x14"), c("x1", "x2", "x3", "x4", "x5", "x6", "x7", "x8", 
"x9", "x10", "x11", "x12", "x13", "x14"))), `Forjaz, et al. (2009)` = structure(c(1, 
0.405, 0.393, 0.41, 0.528, 0.33, 0.348, 0.303, 0.379, 0.251, 
0.39, 0.374, 0.45, 0.382, 0.405, 1, 0.332, 0.596, 0.307, 0.532, 
0.33, 0.385, 0.308, 0.362, 0.34, 0.576, 0.394, 0.391, 0.393, 
0.332, 1, 0.356, 0.434, 0.351, 0.307, 0.182, 0.37, 0.232, 0.265, 
0.298, 0.496, 0.259, 0.41, 0.596, 0.356, 1, 0.378, 0.585, 0.307, 
0.22, 0.296, 0.383, 0.278, 0.546, 0.378, 0.4, 0.528, 0.307, 0.434, 
0.378, 1, 0.35, 0.298, 0.202, 0.35, 0.285, 0.306, 0.311, 0.48, 
0.213, 0.33, 0.532, 0.351, 0.585, 0.35, 1, 0.249, 0.236, 0.238, 
0.37, 0.236, 0.526, 0.329, 0.376, 0.348, 0.33, 0.307, 0.307, 
0.298, 0.249, 1, 0.183, 0.293, 0.174, 0.423, 0.28, 0.31, 0.35, 
0.303, 0.385, 0.182, 0.22, 0.202, 0.236, 0.183, 1, 0.19, 0.213, 
0.312, 0.337, 0.316, 0.251, 0.379, 0.308, 0.37, 0.296, 0.35, 
0.238, 0.293, 0.19, 1, 0.231, 0.253, 0.272, 0.403, 0.318, 0.251, 
0.362, 0.232, 0.383, 0.285, 0.37, 0.174, 0.213, 0.231, 1, 0.233, 
0.419, 0.26, 0.3, 0.39, 0.34, 0.265, 0.278, 0.306, 0.236, 0.423, 
0.312, 0.253, 0.233, 1, 0.262, 0.439, 0.29, 0.374, 0.576, 0.298, 
0.546, 0.311, 0.526, 0.28, 0.337, 0.272, 0.419, 0.262, 1, 0.341, 
0.36, 0.45, 0.394, 0.496, 0.378, 0.48, 0.329, 0.31, 0.316, 0.403, 
0.26, 0.439, 0.341, 1, 0.336, 0.382, 0.391, 0.259, 0.4, 0.213, 
0.376, 0.35, 0.251, 0.318, 0.3, 0.29, 0.36, 0.336, 1), .Dim = c(14L, 
14L), .Dimnames = list(c("x1", "x2", "x3", "x4", "x5", "x6", 
"x7", "x8", "x9", "x10", "x11", "x12", "x13", "x14"), c("x1", 
"x2", "x3", "x4", "x5", "x6", "x7", "x8", "x9", "x10", "x11", 
"x12", "x13", "x14"))), `Gale, et al. (2010a)` = structure(c(1, 
0.374, 0.51, 0.302, 0.549, 0.476, 0.478, 0.376, 0.44, 0.183, 
0.524, 0.391, 0.569, 0.265, 0.374, 1, 0.301, 0.293, 0.277, 0.392, 
0.389, 0.43, 0.234, 0.244, 0.295, 0.527, 0.307, 0.255, 0.51, 
0.301, 1, 0.356, 0.435, 0.423, 0.387, 0.304, 0.486, 0.209, 0.439, 
0.328, 0.579, 0.231, 0.302, 0.293, 0.356, 1, 0.303, 0.423, 0.347, 
0.213, 0.29, 0.22, 0.261, 0.366, 0.304, 0.277, 0.549, 0.277, 
0.435, 0.303, 1, 0.371, 0.409, 0.328, 0.383, 0.205, 0.409, 0.304, 
0.448, 0.157, 0.476, 0.392, 0.423, 0.423, 0.371, 1, 0.453, 0.342, 
0.312, 0.276, 0.403, 0.447, 0.446, 0.337, 0.478, 0.389, 0.387, 
0.347, 0.409, 0.453, 1, 0.306, 0.351, 0.255, 0.447, 0.396, 0.398, 
0.338, 0.376, 0.43, 0.304, 0.213, 0.328, 0.342, 0.306, 1, 0.244, 
0.241, 0.423, 0.315, 0.34, 0.216, 0.44, 0.234, 0.486, 0.29, 0.383, 
0.312, 0.351, 0.244, 1, 0.185, 0.386, 0.295, 0.6, 0.202, 0.183, 
0.244, 0.209, 0.22, 0.205, 0.276, 0.255, 0.241, 0.185, 1, 0.257, 
0.289, 0.23, 0.101, 0.524, 0.295, 0.439, 0.261, 0.409, 0.403, 
0.447, 0.423, 0.386, 0.257, 1, 0.295, 0.497, 0.226, 0.391, 0.527, 
0.328, 0.366, 0.304, 0.447, 0.396, 0.315, 0.295, 0.289, 0.295, 
1, 0.3, 0.332, 0.569, 0.307, 0.579, 0.304, 0.448, 0.446, 0.398, 
0.34, 0.6, 0.23, 0.497, 0.3, 1, 0.217, 0.265, 0.255, 0.231, 0.277, 
0.157, 0.337, 0.338, 0.216, 0.202, 0.101, 0.226, 0.332, 0.217, 
1), .Dim = c(14L, 14L), .Dimnames = list(c("x1", "x2", "x3", 
"x4", "x5", "x6", "x7", "x8", "x9", "x10", "x11", "x12", "x13", 
"x14"), c("x1", "x2", "x3", "x4", "x5", "x6", "x7", "x8", "x9", 
"x10", "x11", "x12", "x13", "x14"))), `Gale, et al. (2010b)` = structure(c(1, 
0.227, 0.392, 0.317, 0.552, 0.28, 0.46, 0.207, 0.413, 0.198, 
0.247, 0.233, 0.48, 0.132, 0.227, 1, 0.214, 0.314, 0.28, 0.32, 
0.239, 0.429, 0.228, 0.282, 0.11, 0.536, 0.171, 0.182, 0.392, 
0.214, 1, 0.271, 0.498, 0.353, 0.299, 0.252, 0.522, 0.13, 0.107, 
0.239, 0.503, 0.162, 0.317, 0.314, 0.271, 1, 0.255, 0.389, 0.311, 
0.225, 0.257, 0.216, 0.121, 0.401, 0.246, 0.184, 0.552, 0.28, 
0.498, 0.255, 1, 0.367, 0.357, 0.316, 0.424, 0.3, 0.185, 0.289, 
0.456, 0.173, 0.28, 0.32, 0.353, 0.389, 0.367, 1, 0.238, 0.274, 
0.373, 0.297, 0.135, 0.262, 0.402, 0.217, 0.46, 0.239, 0.299, 
0.311, 0.357, 0.238, 1, 0.237, 0.356, 0.291, 0.3, 0.259, 0.385, 
0.273, 0.207, 0.429, 0.252, 0.225, 0.316, 0.274, 0.237, 1, 0.237, 
0.305, 0.101, 0.344, 0.244, 0.134, 0.413, 0.228, 0.522, 0.257, 
0.424, 0.373, 0.356, 0.237, 1, 0.192, 0.178, 0.196, 0.526, 0.088, 
0.198, 0.282, 0.13, 0.216, 0.3, 0.297, 0.291, 0.305, 0.192, 1, 
0.103, 0.384, 0.23, 0.168, 0.247, 0.11, 0.107, 0.121, 0.185, 
0.135, 0.3, 0.101, 0.178, 0.103, 1, 0.056, 0.254, 0.116, 0.233, 
0.536, 0.239, 0.401, 0.289, 0.262, 0.259, 0.344, 0.196, 0.384, 
0.056, 1, 0.225, 0.168, 0.48, 0.171, 0.503, 0.246, 0.456, 0.402, 
0.385, 0.244, 0.526, 0.23, 0.254, 0.225, 1, 0.157, 0.132, 0.182, 
0.162, 0.184, 0.173, 0.217, 0.273, 0.134, 0.088, 0.168, 0.116, 
0.168, 0.157, 1), .Dim = c(14L, 14L), .Dimnames = list(c("x1", 
"x2", "x3", "x4", "x5", "x6", "x7", "x8", "x9", "x10", "x11", 
"x12", "x13", "x14"), c("x1", "x2", "x3", "x4", "x5", "x6", "x7", 
"x8", "x9", "x10", "x11", "x12", "x13", "x14"))), `Gale, et al. (2010c)` = structure(c(1, 
0.276, 0.352, 0.307, 0.474, 0.382, 0.408, 0.374, 0.379, 0.221, 
0.26, 0.322, 0.453, 0.163, 0.276, 1, 0.217, 0.288, 0.26, 0.355, 
0.272, 0.446, 0.189, 0.221, 0.134, 0.455, 0.242, 0.128, 0.352, 
0.217, 1, 0.229, 0.439, 0.247, 0.319, 0.287, 0.438, 0.182, 0.203, 
0.263, 0.486, 0.121, 0.307, 0.288, 0.229, 1, 0.262, 0.376, 0.263, 
0.237, 0.204, 0.208, 0.131, 0.411, 0.261, 0.171, 0.474, 0.26, 
0.439, 0.262, 1, 0.35, 0.356, 0.297, 0.385, 0.185, 0.264, 0.299, 
0.468, 0.167, 0.382, 0.355, 0.247, 0.376, 0.35, 1, 0.294, 0.306, 
0.221, 0.218, 0.13, 0.386, 0.303, 0.204, 0.408, 0.272, 0.319, 
0.263, 0.356, 0.294, 1, 0.281, 0.29, 0.176, 0.305, 0.33, 0.364, 
0.28, 0.374, 0.446, 0.287, 0.237, 0.297, 0.306, 0.281, 1, 0.234, 
0.239, 0.151, 0.345, 0.296, 0.106, 0.379, 0.189, 0.438, 0.204, 
0.385, 0.221, 0.29, 0.234, 1, 0.119, 0.182, 0.243, 0.523, 0.103, 
0.221, 0.221, 0.182, 0.208, 0.185, 0.218, 0.176, 0.239, 0.119, 
1, 0.106, 0.263, 0.191, 0.084, 0.26, 0.134, 0.203, 0.131, 0.264, 
0.13, 0.305, 0.151, 0.182, 0.106, 1, 0.169, 0.249, 0.178, 0.322, 
0.455, 0.263, 0.411, 0.299, 0.386, 0.33, 0.345, 0.243, 0.263, 
0.169, 1, 0.268, 0.186, 0.453, 0.242, 0.486, 0.261, 0.468, 0.303, 
0.364, 0.296, 0.523, 0.191, 0.249, 0.268, 1, 0.151, 0.163, 0.128, 
0.121, 0.171, 0.167, 0.204, 0.28, 0.106, 0.103, 0.084, 0.178, 
0.186, 0.151, 1), .Dim = c(14L, 14L), .Dimnames = list(c("x1", 
"x2", "x3", "x4", "x5", "x6", "x7", "x8", "x9", "x10", "x11", 
"x12", "x13", "x14"), c("x1", "x2", "x3", "x4", "x5", "x6", "x7", 
"x8", "x9", "x10", "x11", "x12", "x13", "x14"))), `Gale, et al. (2010d)` = structure(c(1, 
0.227, 0.392, 0.317, 0.552, 0.28, 0.46, 0.207, 0.413, 0.198, 
0.247, 0.233, 0.48, 0.132, 0.227, 1, 0.214, 0.314, 0.28, 0.32, 
0.239, 0.429, 0.228, 0.282, 0.11, 0.536, 0.171, 0.182, 0.392, 
0.214, 1, 0.271, 0.498, 0.353, 0.299, 0.252, 0.522, 0.13, 0.107, 
0.239, 0.503, 0.162, 0.317, 0.314, 0.271, 1, 0.255, 0.389, 0.311, 
0.225, 0.257, 0.216, 0.121, 0.401, 0.246, 0.184, 0.552, 0.28, 
0.498, 0.255, 1, 0.367, 0.357, 0.316, 0.424, 0.3, 0.185, 0.289, 
0.456, 0.173, 0.28, 0.32, 0.353, 0.389, 0.367, 1, 0.238, 0.274, 
0.373, 0.297, 0.135, 0.262, 0.402, 0.217, 0.46, 0.239, 0.299, 
0.311, 0.357, 0.238, 1, 0.237, 0.356, 0.291, 0.3, 0.259, 0.385, 
0.273, 0.207, 0.429, 0.252, 0.225, 0.316, 0.274, 0.237, 1, 0.237, 
0.305, 0.101, 0.344, 0.244, 0.134, 0.413, 0.228, 0.522, 0.257, 
0.424, 0.373, 0.356, 0.237, 1, 0.192, 0.178, 0.196, 0.526, 0.088, 
0.198, 0.282, 0.13, 0.216, 0.3, 0.297, 0.291, 0.305, 0.192, 1, 
0.103, 0.384, 0.23, 0.168, 0.247, 0.11, 0.107, 0.121, 0.185, 
0.135, 0.3, 0.101, 0.178, 0.103, 1, 0.056, 0.254, 0.116, 0.233, 
0.536, 0.239, 0.401, 0.289, 0.262, 0.259, 0.344, 0.196, 0.384, 
0.056, 1, 0.225, 0.168, 0.48, 0.171, 0.503, 0.246, 0.456, 0.402, 
0.385, 0.244, 0.526, 0.23, 0.254, 0.225, 1, 0.157, 0.132, 0.182, 
0.162, 0.184, 0.173, 0.217, 0.273, 0.134, 0.088, 0.168, 0.116, 
0.168, 0.157, 1), .Dim = c(14L, 14L), .Dimnames = list(c("x1", 
"x2", "x3", "x4", "x5", "x6", "x7", "x8", "x9", "x10", "x11", 
"x12", "x13", "x14"), c("x1", "x2", "x3", "x4", "x5", "x6", "x7", 
"x8", "x9", "x10", "x11", "x12", "x13", "x14"))), `Gibbons, et al. (2011)` = structure(c(1, 
0.27, 0.48, 0.39, 0.52, 0.38, 0.38, 0.33, 0.4, 0.22, 0.36, 0.26, 
0.46, 0.29, 0.27, 1, 0.3, 0.33, 0.28, 0.35, 0.32, 0.49, 0.18, 
0.34, 0.15, 0.58, 0.31, 0.3, 0.48, 0.3, 1, 0.44, 0.54, 0.44, 
0.45, 0.27, 0.6, 0.25, 0.37, 0.31, 0.66, 0.41, 0.39, 0.33, 0.44, 
1, 0.44, 0.59, 0.47, 0.24, 0.39, 0.27, 0.32, 0.42, 0.46, 0.38, 
0.52, 0.28, 0.54, 0.44, 1, 0.45, 0.47, 0.27, 0.47, 0.25, 0.39, 
0.31, 0.54, 0.34, 0.38, 0.35, 0.44, 0.59, 0.45, 1, 0.53, 0.25, 
0.32, 0.32, 0.17, 0.4, 0.47, 0.36, 0.38, 0.32, 0.45, 0.47, 0.47, 
0.53, 1, 0.28, 0.36, 0.27, 0.32, 0.44, 0.46, 0.39, 0.33, 0.49, 
0.27, 0.24, 0.27, 0.25, 0.28, 1, 0.19, 0.29, 0.14, 0.4, 0.24, 
0.21, 0.4, 0.18, 0.6, 0.39, 0.47, 0.32, 0.36, 0.19, 1, 0.22, 
0.28, 0.25, 0.62, 0.38, 0.22, 0.34, 0.25, 0.27, 0.25, 0.32, 0.27, 
0.29, 0.22, 1, 0.1, 0.37, 0.27, 0.2, 0.36, 0.15, 0.37, 0.32, 
0.39, 0.17, 0.32, 0.14, 0.28, 0.1, 1, 0.14, 0.29, 0.29, 0.26, 
0.58, 0.31, 0.42, 0.31, 0.4, 0.44, 0.4, 0.25, 0.37, 0.14, 1, 
0.35, 0.27, 0.46, 0.31, 0.66, 0.46, 0.54, 0.47, 0.46, 0.24, 0.62, 
0.27, 0.29, 0.35, 1, 0.41, 0.29, 0.3, 0.41, 0.38, 0.34, 0.36, 
0.39, 0.21, 0.38, 0.2, 0.29, 0.27, 0.41, 1), .Dim = c(14L, 14L
), .Dimnames = list(c("x1", "x2", "x3", "x4", "x5", "x6", "x7", 
"x8", "x9", "x10", "x11", "x12", "x13", "x14"), c("x1", "x2", 
"x3", "x4", "x5", "x6", "x7", "x8", "x9", "x10", "x11", "x12", 
"x13", "x14"))), `Gough and Hudson (2009)` = structure(c(1, 0.361, 
0.441, 0.318, 0.511, 0.339, 0.414, 0.377, 0.447, 0.351, 0.482, 
0.371, 0.458, 0.27, 0.361, 1, 0.307, 0.398, 0.265, 0.492, 0.583, 
0.478, 0.13, 0.473, 0.411, 0.627, 0.296, 0.389, 0.441, 0.307, 
1, 0.278, 0.604, 0.293, 0.349, 0.204, 0.485, 0.311, 0.288, 0.453, 
0.485, 0.34, 0.318, 0.398, 0.278, 1, 0.345, 0.632, 0.548, 0.272, 
0.275, 0.205, 0.216, 0.587, 0.352, 0.357, 0.511, 0.265, 0.604, 
0.345, 1, 0.345, 0.447, 0.264, 0.466, 0.16, 0.502, 0.41, 0.524, 
0.279, 0.339, 0.492, 0.293, 0.632, 0.345, 1, 0.601, 0.355, 0.202, 
0.199, 0.206, 0.553, 0.246, 0.392, 0.414, 0.583, 0.349, 0.548, 
0.447, 0.601, 1, 0.379, 0.258, 0.505, 0.498, 0.586, 0.36, 0.462, 
0.377, 0.478, 0.204, 0.272, 0.264, 0.355, 0.379, 1, 0.232, 0.27, 
0.424, 0.492, 0.285, 0.324, 0.447, 0.13, 0.485, 0.275, 0.466, 
0.202, 0.258, 0.232, 1, 0.199, 0.292, 0.246, 0.621, 0.184, 0.351, 
0.473, 0.311, 0.205, 0.16, 0.199, 0.505, 0.27, 0.199, 1, 0.354, 
0.424, 0.167, 0.458, 0.482, 0.411, 0.288, 0.216, 0.502, 0.206, 
0.498, 0.424, 0.292, 0.354, 1, 0.366, 0.399, 0.398, 0.371, 0.627, 
0.453, 0.587, 0.41, 0.553, 0.586, 0.492, 0.246, 0.424, 0.366, 
1, 0.321, 0.573, 0.458, 0.296, 0.485, 0.352, 0.524, 0.246, 0.36, 
0.285, 0.621, 0.167, 0.399, 0.321, 1, 0.248, 0.27, 0.389, 0.34, 
0.357, 0.279, 0.392, 0.462, 0.324, 0.184, 0.458, 0.398, 0.573, 
0.248, 1), .Dim = c(14L, 14L), .Dimnames = list(c("x1", "x2", 
"x3", "x4", "x5", "x6", "x7", "x8", "x9", "x10", "x11", "x12", 
"x13", "x14"), c("x1", "x2", "x3", "x4", "x5", "x6", "x7", "x8", 
"x9", "x10", "x11", "x12", "x13", "x14"))), `Helvik, et al. (2011)` = structure(c(1, 
0.245, 0.52, 0.231, 0.563, 0.292, 0.246, 0.221, 0.463, 0.208, 
0.315, 0.251, 0.34, 0.146, 0.245, 1, 0.317, 0.622, 0.244, 0.474, 
0.212, 0.138, 0.35, 0.135, 0.138, 0.62, 0.15, 0.213, 0.52, 0.317, 
1, 0.313, 0.543, 0.369, 0.213, 0.108, 0.508, 0.21, 0.254, 0.325, 
0.317, 0.173, 0.231, 0.622, 0.313, 1, 0.273, 0.495, 0.234, 0.122, 
0.356, 0.138, 0.168, 0.642, 0.137, 0.286, 0.563, 0.244, 0.543, 
0.273, 1, 0.384, 0.239, 0.204, 0.496, 0.248, 0.342, 0.237, 0.28, 
0.12, 0.292, 0.474, 0.369, 0.495, 0.384, 1, 0.247, 0.163, 0.399, 
0.163, 0.257, 0.493, 0.165, 0.272, 0.246, 0.212, 0.213, 0.234, 
0.239, 0.247, 1, 0.081, 0.22, 0.109, 0.36, 0.286, 0.156, 0.169, 
0.221, 0.138, 0.108, 0.122, 0.204, 0.163, 0.081, 1, 0.163, 0.181, 
0.288, 0.259, 0.171, 0.204, 0.463, 0.35, 0.508, 0.356, 0.496, 
0.399, 0.22, 0.163, 1, 0.151, 0.29, 0.362, 0.24, 0.171, 0.208, 
0.135, 0.21, 0.138, 0.248, 0.163, 0.109, 0.181, 0.151, 1, 0.1, 
0.239, 0.177, 0.118, 0.315, 0.138, 0.254, 0.168, 0.342, 0.257, 
0.36, 0.288, 0.29, 0.1, 1, 0.19, 0.271, 0.106, 0.251, 0.62, 0.325, 
0.642, 0.237, 0.493, 0.286, 0.259, 0.362, 0.239, 0.19, 1, 0.172, 
0.363, 0.34, 0.15, 0.317, 0.137, 0.28, 0.165, 0.156, 0.171, 0.24, 
0.177, 0.271, 0.172, 1, 0.161, 0.146, 0.213, 0.173, 0.286, 0.12, 
0.272, 0.169, 0.204, 0.171, 0.118, 0.106, 0.363, 0.161, 1), .Dim = c(14L, 
14L), .Dimnames = list(c("x1", "x2", "x3", "x4", "x5", "x6", 
"x7", "x8", "x9", "x10", "x11", "x12", "x13", "x14"), c("x1", 
"x2", "x3", "x4", "x5", "x6", "x7", "x8", "x9", "x10", "x11", 
"x12", "x13", "x14"))), `Hunt-Shanks, et al. (2010)` = structure(c(1, 
0.235, 0.433, 0.272, 0.596, 0.391, 0.457, 0.276, 0.409, 0.24, 
0.326, 0.343, 0.478, 0.268, 0.235, 1, 0.16, 0.288, 0.271, 0.323, 
0.291, 0.421, 0.194, 0.23, 0.162, 0.443, 0.204, 0.236, 0.433, 
0.16, 1, 0.359, 0.576, 0.393, 0.461, 0.288, 0.519, 0.199, 0.237, 
0.334, 0.576, 0.241, 0.272, 0.288, 0.359, 1, 0.352, 0.528, 0.389, 
0.28, 0.332, 0.322, 0.171, 0.495, 0.365, 0.287, 0.596, 0.271, 
0.576, 0.352, 1, 0.462, 0.511, 0.316, 0.494, 0.277, 0.335, 0.422, 
0.584, 0.269, 0.391, 0.323, 0.393, 0.528, 0.462, 1, 0.484, 0.325, 
0.317, 0.347, 0.224, 0.53, 0.417, 0.326, 0.457, 0.291, 0.461, 
0.389, 0.511, 0.484, 1, 0.315, 0.379, 0.224, 0.273, 0.426, 0.456, 
0.364, 0.276, 0.421, 0.288, 0.28, 0.316, 0.325, 0.315, 1, 0.271, 
0.238, 0.195, 0.335, 0.295, 0.236, 0.409, 0.194, 0.519, 0.332, 
0.494, 0.317, 0.379, 0.271, 1, 0.207, 0.281, 0.336, 0.566, 0.261, 
0.24, 0.23, 0.199, 0.322, 0.277, 0.347, 0.224, 0.238, 0.207, 
1, 0.13, 0.406, 0.262, 0.26, 0.326, 0.162, 0.237, 0.171, 0.335, 
0.224, 0.273, 0.195, 0.281, 0.13, 1, 0.238, 0.33, 0.206, 0.343, 
0.443, 0.334, 0.495, 0.422, 0.53, 0.426, 0.335, 0.336, 0.406, 
0.238, 1, 0.389, 0.363, 0.478, 0.204, 0.576, 0.365, 0.584, 0.417, 
0.456, 0.295, 0.566, 0.262, 0.33, 0.389, 1, 0.363, 0.268, 0.236, 
0.241, 0.287, 0.269, 0.326, 0.364, 0.236, 0.261, 0.26, 0.206, 
0.363, 0.363, 1), .Dim = c(14L, 14L), .Dimnames = list(c("x1", 
"x2", "x3", "x4", "x5", "x6", "x7", "x8", "x9", "x10", "x11", 
"x12", "x13", "x14"), c("x1", "x2", "x3", "x4", "x5", "x6", "x7", 
"x8", "x9", "x10", "x11", "x12", "x13", "x14"))), `Marinus, et al. (2002)` = structure(c(1, 
0.3, 0.427, 0.387, 0.576, 0.355, 0.531, 0.404, 0.483, 0.234, 
0.564, 0.408, 0.52, 0.131, 0.3, 1, 0.317, 0.562, 0.418, 0.518, 
0.426, 0.348, 0.289, 0.333, 0.365, 0.506, 0.248, 0.26, 0.427, 
0.317, 1, 0.434, 0.514, 0.303, 0.337, 0.238, 0.418, 0.009, 0.454, 
0.262, 0.567, 0.055, 0.387, 0.562, 0.434, 1, 0.557, 0.624, 0.503, 
0.291, 0.246, 0.284, 0.356, 0.528, 0.385, 0.272, 0.576, 0.418, 
0.514, 0.557, 1, 0.535, 0.556, 0.333, 0.405, 0.2, 0.453, 0.369, 
0.442, 0.15, 0.355, 0.518, 0.303, 0.624, 0.535, 1, 0.47, 0.351, 
0.207, 0.28, 0.225, 0.483, 0.297, 0.16, 0.531, 0.426, 0.337, 
0.503, 0.556, 0.47, 1, 0.332, 0.366, 0.317, 0.453, 0.422, 0.418, 
0.308, 0.404, 0.348, 0.238, 0.291, 0.333, 0.351, 0.332, 1, 0.22, 
0.159, 0.366, 0.306, 0.276, 0.11, 0.483, 0.289, 0.418, 0.246, 
0.405, 0.207, 0.366, 0.22, 1, 0.111, 0.403, 0.275, 0.386, 0.096, 
0.234, 0.333, 0.009, 0.284, 0.2, 0.28, 0.317, 0.159, 0.111, 1, 
0.264, 0.307, 0.088, 0.263, 0.564, 0.365, 0.454, 0.356, 0.453, 
0.225, 0.453, 0.366, 0.403, 0.264, 1, 0.345, 0.58, 0.181, 0.408, 
0.506, 0.262, 0.528, 0.369, 0.483, 0.422, 0.306, 0.275, 0.307, 
0.345, 1, 0.342, 0.24, 0.52, 0.248, 0.567, 0.385, 0.442, 0.297, 
0.418, 0.276, 0.386, 0.088, 0.58, 0.342, 1, 0.186, 0.131, 0.26, 
0.055, 0.272, 0.15, 0.16, 0.308, 0.11, 0.096, 0.263, 0.181, 0.24, 
0.186, 1), .Dim = c(14L, 14L), .Dimnames = list(c("x1", "x2", 
"x3", "x4", "x5", "x6", "x7", "x8", "x9", "x10", "x11", "x12", 
"x13", "x14"), c("x1", "x2", "x3", "x4", "x5", "x6", "x7", "x8", 
"x9", "x10", "x11", "x12", "x13", "x14"))), `Michopoulos, et al. (2008)` = structure(c(1, 
0.42, 0.46, 0.38, 0.53, 0.48, 0.45, 0.47, 0.48, 0.32, 0.26, 0.33, 
0.32, 0.24, 0.42, 1, 0.23, 0.56, 0.37, 0.58, 0.37, 0.49, 0.39, 
0.38, 0.15, 0.48, 0.21, 0.32, 0.46, 0.23, 1, 0.31, 0.52, 0.39, 
0.37, 0.32, 0.43, 0.16, 0.29, 0.24, 0.54, 0.21, 0.38, 0.56, 0.31, 
1, 0.39, 0.56, 0.38, 0.43, 0.41, 0.38, 0.15, 0.59, 0.29, 0.35, 
0.53, 0.37, 0.52, 0.39, 1, 0.47, 0.42, 0.44, 0.47, 0.22, 0.33, 
0.34, 0.43, 0.23, 0.48, 0.58, 0.39, 0.56, 0.47, 1, 0.41, 0.58, 
0.44, 0.43, 0.17, 0.57, 0.29, 0.34, 0.45, 0.37, 0.37, 0.38, 0.42, 
0.41, 1, 0.37, 0.41, 0.12, 0.41, 0.34, 0.36, 0.35, 0.47, 0.49, 
0.32, 0.43, 0.44, 0.58, 0.37, 1, 0.4, 0.42, 0.16, 0.47, 0.26, 
0.24, 0.48, 0.39, 0.43, 0.41, 0.47, 0.44, 0.41, 0.4, 1, 0.31, 
0.27, 0.38, 0.42, 0.29, 0.32, 0.38, 0.16, 0.38, 0.22, 0.43, 0.12, 
0.42, 0.31, 1, 0.04, 0.46, 0.11, 0.18, 0.26, 0.15, 0.29, 0.15, 
0.33, 0.17, 0.41, 0.16, 0.27, 0.04, 1, 0.17, 0.46, 0.25, 0.33, 
0.48, 0.24, 0.59, 0.34, 0.57, 0.34, 0.47, 0.38, 0.46, 0.17, 1, 
0.24, 0.34, 0.32, 0.21, 0.54, 0.29, 0.43, 0.29, 0.36, 0.26, 0.42, 
0.11, 0.46, 0.24, 1, 0.3, 0.24, 0.32, 0.21, 0.35, 0.23, 0.34, 
0.35, 0.24, 0.29, 0.18, 0.25, 0.34, 0.3, 1), .Dim = c(14L, 14L
), .Dimnames = list(c("x1", "x2", "x3", "x4", "x5", "x6", "x7", 
"x8", "x9", "x10", "x11", "x12", "x13", "x14"), c("x1", "x2", 
"x3", "x4", "x5", "x6", "x7", "x8", "x9", "x10", "x11", "x12", 
"x13", "x14"))), `Olsson, et al. (2005)` = structure(c(1, 0.599, 
0.756, 0.622, 0.768, 0.658, 0.709, 0.566, 0.77, 0.461, 0.466, 
0.618, 0.739, 0.548, 0.599, 1, 0.505, 0.795, 0.605, 0.703, 0.616, 
0.543, 0.512, 0.544, 0.363, 0.763, 0.511, 0.559, 0.756, 0.505, 
1, 0.549, 0.711, 0.578, 0.633, 0.482, 0.672, 0.449, 0.418, 0.524, 
0.7, 0.508, 0.622, 0.795, 0.549, 1, 0.636, 0.776, 0.686, 0.543, 
0.549, 0.509, 0.37, 0.766, 0.552, 0.635, 0.768, 0.605, 0.711, 
0.636, 1, 0.688, 0.683, 0.511, 0.699, 0.466, 0.488, 0.585, 0.632, 
0.549, 0.658, 0.703, 0.578, 0.776, 0.688, 1, 0.683, 0.513, 0.583, 
0.546, 0.33, 0.687, 0.537, 0.577, 0.709, 0.616, 0.633, 0.686, 
0.683, 0.683, 1, 0.492, 0.62, 0.496, 0.458, 0.63, 0.589, 0.606, 
0.566, 0.543, 0.482, 0.543, 0.511, 0.513, 0.492, 1, 0.509, 0.423, 
0.333, 0.521, 0.529, 0.424, 0.77, 0.512, 0.672, 0.549, 0.699, 
0.583, 0.62, 0.509, 1, 0.388, 0.506, 0.566, 0.702, 0.503, 0.461, 
0.544, 0.449, 0.509, 0.466, 0.546, 0.496, 0.423, 0.388, 1, 0.292, 
0.563, 0.405, 0.53, 0.466, 0.363, 0.418, 0.37, 0.488, 0.33, 0.458, 
0.333, 0.506, 0.292, 1, 0.329, 0.446, 0.456, 0.618, 0.763, 0.524, 
0.766, 0.585, 0.687, 0.63, 0.521, 0.566, 0.563, 0.329, 1, 0.518, 
0.641, 0.739, 0.511, 0.7, 0.552, 0.632, 0.537, 0.589, 0.529, 
0.702, 0.405, 0.446, 0.518, 1, 0.514, 0.548, 0.559, 0.508, 0.635, 
0.549, 0.577, 0.606, 0.424, 0.503, 0.53, 0.456, 0.641, 0.514, 
1), .Dim = c(14L, 14L), .Dimnames = list(c("x1", "x2", "x3", 
"x4", "x5", "x6", "x7", "x8", "x9", "x10", "x11", "x12", "x13", 
"x14"), c("x1", "x2", "x3", "x4", "x5", "x6", "x7", "x8", "x9", 
"x10", "x11", "x12", "x13", "x14"))), `Osborne, et al. (2004a)` = structure(c(1, 
0.309, 0.366, 0.274, 0.479, 0.43, 0.48, 0.279, 0.375, 0.21, 0.326, 
0.343, 0.421, 0.242, 0.309, 1, 0.281, 0.452, 0.305, 0.413, 0.351, 
0.411, 0.229, 0.307, 0.143, 0.539, 0.264, 0.324, 0.366, 0.281, 
1, 0.339, 0.624, 0.363, 0.418, 0.308, 0.548, 0.205, 0.315, 0.287, 
0.613, 0.262, 0.274, 0.452, 0.339, 1, 0.332, 0.451, 0.39, 0.287, 
0.328, 0.244, 0.236, 0.476, 0.335, 0.382, 0.479, 0.305, 0.624, 
0.332, 1, 0.455, 0.431, 0.307, 0.517, 0.275, 0.375, 0.341, 0.557, 
0.306, 0.43, 0.413, 0.363, 0.451, 0.455, 1, 0.453, 0.309, 0.287, 
0.32, 0.251, 0.498, 0.373, 0.383, 0.48, 0.351, 0.418, 0.39, 0.431, 
0.453, 1, 0.275, 0.34, 0.191, 0.358, 0.408, 0.399, 0.337, 0.279, 
0.411, 0.308, 0.287, 0.307, 0.309, 0.275, 1, 0.254, 0.264, 0.205, 
0.355, 0.314, 0.196, 0.375, 0.229, 0.548, 0.328, 0.517, 0.287, 
0.34, 0.254, 1, 0.245, 0.315, 0.338, 0.654, 0.211, 0.21, 0.307, 
0.205, 0.244, 0.275, 0.32, 0.191, 0.264, 0.245, 1, 0.173, 0.432, 
0.23, 0.253, 0.326, 0.143, 0.315, 0.236, 0.375, 0.251, 0.358, 
0.205, 0.315, 0.173, 1, 0.247, 0.384, 0.247, 0.343, 0.539, 0.287, 
0.476, 0.341, 0.498, 0.408, 0.355, 0.338, 0.432, 0.247, 1, 0.337, 
0.407, 0.421, 0.264, 0.613, 0.335, 0.557, 0.373, 0.399, 0.314, 
0.654, 0.23, 0.384, 0.337, 1, 0.288, 0.242, 0.324, 0.262, 0.382, 
0.306, 0.383, 0.337, 0.196, 0.211, 0.253, 0.247, 0.407, 0.288, 
1), .Dim = c(14L, 14L), .Dimnames = list(c("x1", "x2", "x3", 
"x4", "x5", "x6", "x7", "x8", "x9", "x10", "x11", "x12", "x13", 
"x14"), c("x1", "x2", "x3", "x4", "x5", "x6", "x7", "x8", "x9", 
"x10", "x11", "x12", "x13", "x14"))), `Osborne, et al. (2004b)` = structure(c(1, 
0.213, 0.416, 0.224, 0.466, 0.361, 0.467, 0.058, 0.349, 0.069, 
0.328, 0.147, 0.358, 0.233, 0.213, 1, 0.078, 0.427, 0.2, 0.293, 
0.4, 0.171, 0.136, 0.092, 0.082, 0.503, 0.121, 0.236, 0.416, 
0.078, 1, 0.18, 0.515, 0.375, 0.273, 0.161, 0.512, 0.225, 0.249, 
0.23, 0.655, 0.164, 0.224, 0.427, 0.18, 1, 0.257, 0.417, 0.405, 
0.133, 0.124, 0.08, 0.232, 0.589, 0.139, 0.294, 0.466, 0.2, 0.515, 
0.257, 1, 0.401, 0.479, 0.201, 0.484, 0.199, 0.332, 0.314, 0.539, 
0.326, 0.361, 0.293, 0.375, 0.417, 0.401, 1, 0.412, 0.311, 0.228, 
0.192, 0.284, 0.531, 0.33, 0.304, 0.467, 0.4, 0.273, 0.405, 0.479, 
0.412, 1, 0.147, 0.269, 0.018, 0.414, 0.352, 0.314, 0.391, 0.058, 
0.171, 0.161, 0.133, 0.201, 0.311, 0.147, 1, 0.072, 0.301, 0.089, 
0.357, 0.127, 0.117, 0.349, 0.136, 0.512, 0.124, 0.484, 0.228, 
0.269, 0.072, 1, 0.089, 0.209, 0.24, 0.586, 0.221, 0.069, 0.092, 
0.225, 0.08, 0.199, 0.192, 0.018, 0.301, 0.089, 1, 0.023, 0.244, 
0.235, 0.002, 0.328, 0.082, 0.249, 0.232, 0.332, 0.284, 0.414, 
0.089, 0.209, 0.023, 1, 0.209, 0.233, 0.324, 0.147, 0.503, 0.23, 
0.589, 0.314, 0.531, 0.352, 0.357, 0.24, 0.244, 0.209, 1, 0.228, 
0.368, 0.358, 0.121, 0.655, 0.139, 0.539, 0.33, 0.314, 0.127, 
0.586, 0.235, 0.233, 0.228, 1, 0.157, 0.233, 0.236, 0.164, 0.294, 
0.326, 0.304, 0.391, 0.117, 0.221, 0.002, 0.324, 0.368, 0.157, 
1), .Dim = c(14L, 14L), .Dimnames = list(c("x1", "x2", "x3", 
"x4", "x5", "x6", "x7", "x8", "x9", "x10", "x11", "x12", "x13", 
"x14"), c("x1", "x2", "x3", "x4", "x5", "x6", "x7", "x8", "x9", 
"x10", "x11", "x12", "x13", "x14"))), `Osborne, et al. (2004c)` = structure(c(1, 
0.22, 0.377, 0.214, 0.45, 0.29, 0.259, 0.163, 0.516, 0.131, 0.361, 
0.189, 0.528, 0.125, 0.22, 1, 0.193, 0.377, 0.234, 0.454, 0.293, 
0.295, 0.224, 0.208, 0.272, 0.385, 0.252, 0.287, 0.377, 0.193, 
1, 0.233, 0.24, 0.317, 0.138, 0.179, 0.234, 0.131, 0.237, 0.083, 
0.435, 0.074, 0.214, 0.377, 0.233, 1, 0.241, 0.488, 0.257, 0.236, 
0.252, 0.302, 0.3, 0.376, 0.301, 0.346, 0.45, 0.234, 0.24, 0.241, 
1, 0.22, 0.261, 0.194, 0.315, 0.221, 0.421, 0.312, 0.487, 0.138, 
0.29, 0.454, 0.317, 0.488, 0.22, 1, 0.267, 0.253, 0.284, 0.252, 
0.199, 0.299, 0.354, 0.224, 0.259, 0.293, 0.138, 0.257, 0.261, 
0.267, 1, 0.154, 0.322, 0.093, 0.518, 0.223, 0.28, 0.2, 0.163, 
0.295, 0.179, 0.236, 0.194, 0.253, 0.154, 1, 0.213, 0.314, 0.239, 
0.197, 0.313, 0.132, 0.516, 0.224, 0.234, 0.252, 0.315, 0.284, 
0.322, 0.213, 1, 0.123, 0.438, 0.11, 0.486, 0.004, 0.131, 0.208, 
0.131, 0.302, 0.221, 0.252, 0.093, 0.314, 0.123, 1, 0.171, 0.291, 
0.254, 0.176, 0.361, 0.272, 0.237, 0.3, 0.421, 0.199, 0.518, 
0.239, 0.438, 0.171, 1, 0.192, 0.379, 0.224, 0.189, 0.385, 0.083, 
0.376, 0.312, 0.299, 0.223, 0.197, 0.11, 0.291, 0.192, 1, 0.172, 
0.174, 0.528, 0.252, 0.435, 0.301, 0.487, 0.354, 0.28, 0.313, 
0.486, 0.254, 0.379, 0.172, 1, 0.135, 0.125, 0.287, 0.074, 0.346, 
0.138, 0.224, 0.2, 0.132, 0.004, 0.176, 0.224, 0.174, 0.135, 
1), .Dim = c(14L, 14L), .Dimnames = list(c("x1", "x2", "x3", 
"x4", "x5", "x6", "x7", "x8", "x9", "x10", "x11", "x12", "x13", 
"x14"), c("x1", "x2", "x3", "x4", "x5", "x6", "x7", "x8", "x9", 
"x10", "x11", "x12", "x13", "x14"))), `Quintana, et al. (2003a)` = structure(c(1, 
0.475, 0.431, 0.447, 0.646, 0.485, 0.683, 0.419, 0.391, 0.363, 
0.547, 0.448, 0.512, 0.44, 0.475, 1, 0.377, 0.661, 0.431, 0.509, 
0.488, 0.464, 0.33, 0.44, 0.339, 0.508, 0.388, 0.528, 0.431, 
0.377, 1, 0.348, 0.456, 0.328, 0.451, 0.418, 0.179, 0.165, 0.327, 
0.448, 0.65, 0.393, 0.447, 0.661, 0.348, 1, 0.52, 0.702, 0.45, 
0.437, 0.246, 0.464, 0.199, 0.561, 0.345, 0.465, 0.646, 0.431, 
0.456, 0.52, 1, 0.541, 0.559, 0.363, 0.399, 0.258, 0.374, 0.528, 
0.539, 0.333, 0.485, 0.509, 0.328, 0.702, 0.541, 1, 0.516, 0.435, 
0.252, 0.438, 0.224, 0.568, 0.318, 0.489, 0.683, 0.488, 0.451, 
0.45, 0.559, 0.516, 1, 0.433, 0.374, 0.257, 0.487, 0.5, 0.511, 
0.558, 0.419, 0.464, 0.418, 0.437, 0.363, 0.435, 0.433, 1, 0.303, 
0.349, 0.271, 0.379, 0.454, 0.33, 0.391, 0.33, 0.179, 0.246, 
0.399, 0.252, 0.374, 0.303, 1, 0.253, 0.424, 0.225, 0.308, 0.312, 
0.363, 0.44, 0.165, 0.464, 0.258, 0.438, 0.257, 0.349, 0.253, 
1, 0.314, 0.285, 0.21, 0.424, 0.547, 0.339, 0.327, 0.199, 0.374, 
0.224, 0.487, 0.271, 0.424, 0.314, 1, 0.323, 0.33, 0.277, 0.448, 
0.508, 0.448, 0.561, 0.528, 0.568, 0.5, 0.379, 0.225, 0.285, 
0.323, 1, 0.482, 0.441, 0.512, 0.388, 0.65, 0.345, 0.539, 0.318, 
0.511, 0.454, 0.308, 0.21, 0.33, 0.482, 1, 0.401, 0.44, 0.528, 
0.393, 0.465, 0.333, 0.489, 0.558, 0.33, 0.312, 0.424, 0.277, 
0.441, 0.401, 1), .Dim = c(14L, 14L), .Dimnames = list(c("x1", 
"x2", "x3", "x4", "x5", "x6", "x7", "x8", "x9", "x10", "x11", 
"x12", "x13", "x14"), c("x1", "x2", "x3", "x4", "x5", "x6", "x7", 
"x8", "x9", "x10", "x11", "x12", "x13", "x14"))), `Quintana, et al. (2003b)` = structure(c(1, 
0.323, 0.45, 0.55, 0.616, 0.477, 0.575, 0.412, 0.368, 0.259, 
0.505, 0.335, 0.431, 0.303, 0.323, 1, 0.361, 0.622, 0.333, 0.428, 
0.351, 0.317, 0.196, 0.393, 0.31, 0.411, 0.324, 0.515, 0.45, 
0.361, 1, 0.473, 0.433, 0.4, 0.335, 0.472, 0.372, 0.2, 0.461, 
0.412, 0.582, 0.279, 0.55, 0.622, 0.473, 1, 0.485, 0.632, 0.435, 
0.508, 0.374, 0.526, 0.418, 0.519, 0.404, 0.383, 0.616, 0.333, 
0.433, 0.485, 1, 0.576, 0.634, 0.432, 0.281, 0.414, 0.563, 0.345, 
0.467, 0.443, 0.477, 0.428, 0.4, 0.632, 0.576, 1, 0.545, 0.412, 
0.285, 0.467, 0.355, 0.477, 0.396, 0.434, 0.575, 0.351, 0.335, 
0.435, 0.634, 0.545, 1, 0.315, 0.233, 0.224, 0.518, 0.272, 0.315, 
0.511, 0.412, 0.317, 0.472, 0.508, 0.432, 0.412, 0.315, 1, 0.402, 
0.35, 0.372, 0.38, 0.476, 0.289, 0.368, 0.196, 0.372, 0.374, 
0.281, 0.285, 0.233, 0.402, 1, 0.283, 0.322, 0.363, 0.361, 0.176, 
0.259, 0.393, 0.2, 0.526, 0.414, 0.467, 0.224, 0.35, 0.283, 1, 
0.201, 0.482, 0.198, 0.322, 0.505, 0.31, 0.461, 0.418, 0.563, 
0.355, 0.518, 0.372, 0.322, 0.201, 1, 0.247, 0.494, 0.401, 0.335, 
0.411, 0.412, 0.519, 0.345, 0.477, 0.272, 0.38, 0.363, 0.482, 
0.247, 1, 0.357, 0.317, 0.431, 0.324, 0.582, 0.404, 0.467, 0.396, 
0.315, 0.476, 0.361, 0.198, 0.494, 0.357, 1, 0.347, 0.303, 0.515, 
0.279, 0.383, 0.443, 0.434, 0.511, 0.289, 0.176, 0.322, 0.401, 
0.317, 0.347, 1), .Dim = c(14L, 14L), .Dimnames = list(c("x1", 
"x2", "x3", "x4", "x5", "x6", "x7", "x8", "x9", "x10", "x11", 
"x12", "x13", "x14"), c("x1", "x2", "x3", "x4", "x5", "x6", "x7", 
"x8", "x9", "x10", "x11", "x12", "x13", "x14"))), `Quintana, et al. (2003c)` = structure(c(1, 
0.218, 0.395, 0.563, 0.531, 0.548, 0.523, 0.465, 0.259, 0.168, 
0.356, 0.311, 0.324, 0.112, 0.218, 1, 0.259, 0.593, 0.252, 0.365, 
0.417, 0.252, 0.164, 0.222, 0.273, 0.215, 0.108, 0.508, 0.395, 
0.259, 1, 0.484, 0.443, 0.45, 0.384, 0.507, 0.297, 0.06, 0.55, 
0.426, 0.595, 0.266, 0.563, 0.593, 0.484, 1, 0.493, 0.684, 0.507, 
0.543, 0.227, 0.339, 0.388, 0.325, 0.367, 0.329, 0.531, 0.252, 
0.443, 0.493, 1, 0.603, 0.627, 0.466, 0.236, 0.399, 0.486, 0.236, 
0.505, 0.439, 0.548, 0.365, 0.45, 0.684, 0.603, 1, 0.578, 0.475, 
0.305, 0.455, 0.352, 0.426, 0.388, 0.344, 0.523, 0.417, 0.384, 
0.507, 0.627, 0.578, 1, 0.389, 0.166, 0.134, 0.431, 0.163, 0.192, 
0.471, 0.465, 0.252, 0.507, 0.543, 0.466, 0.475, 0.389, 1, 0.285, 
0.277, 0.316, 0.346, 0.461, 0.227, 0.259, 0.164, 0.297, 0.227, 
0.236, 0.305, 0.166, 0.285, 1, 0.205, 0.294, 0.341, 0.295, 0.145, 
0.168, 0.222, 0.06, 0.339, 0.399, 0.455, 0.134, 0.277, 0.205, 
1, -0.008, 0.381, 0.062, 0.211, 0.356, 0.273, 0.55, 0.388, 0.486, 
0.352, 0.431, 0.316, 0.294, -0.008, 1, 0.103, 0.532, 0.226, 0.311, 
0.215, 0.426, 0.325, 0.236, 0.426, 0.163, 0.346, 0.341, 0.381, 
0.103, 1, 0.254, 0.176, 0.324, 0.108, 0.595, 0.367, 0.505, 0.388, 
0.192, 0.461, 0.295, 0.062, 0.532, 0.254, 1, 0.204, 0.112, 0.508, 
0.266, 0.329, 0.439, 0.344, 0.471, 0.227, 0.145, 0.211, 0.226, 
0.176, 0.204, 1), .Dim = c(14L, 14L), .Dimnames = list(c("x1", 
"x2", "x3", "x4", "x5", "x6", "x7", "x8", "x9", "x10", "x11", 
"x12", "x13", "x14"), c("x1", "x2", "x3", "x4", "x5", "x6", "x7", 
"x8", "x9", "x10", "x11", "x12", "x13", "x14"))), `Roberts, et al. (2001)` = structure(c(1, 
0.315, 0.501, 0.397, 0.531, 0.578, 0.593, 0.316, 0.475, 0.34, 
0.313, 0.393, 0.539, 0.28, 0.315, 1, 0.238, 0.387, 0.281, 0.339, 
0.372, 0.386, 0.246, 0.306, 0.134, 0.422, 0.305, 0.3, 0.501, 
0.238, 1, 0.331, 0.596, 0.49, 0.477, 0.384, 0.566, 0.333, 0.317, 
0.328, 0.655, 0.312, 0.397, 0.387, 0.331, 1, 0.417, 0.596, 0.424, 
0.361, 0.338, 0.297, 0.198, 0.438, 0.384, 0.524, 0.531, 0.281, 
0.596, 0.417, 1, 0.483, 0.511, 0.367, 0.549, 0.356, 0.365, 0.356, 
0.628, 0.324, 0.578, 0.339, 0.49, 0.596, 0.483, 1, 0.617, 0.397, 
0.391, 0.303, 0.166, 0.563, 0.5, 0.41, 0.593, 0.372, 0.477, 0.424, 
0.511, 0.617, 1, 0.347, 0.394, 0.397, 0.289, 0.39, 0.465, 0.386, 
0.316, 0.386, 0.384, 0.361, 0.367, 0.397, 0.347, 1, 0.27, 0.271, 
0.239, 0.309, 0.407, 0.242, 0.475, 0.246, 0.566, 0.338, 0.549, 
0.391, 0.394, 0.27, 1, 0.233, 0.208, 0.311, 0.636, 0.227, 0.34, 
0.306, 0.333, 0.297, 0.356, 0.303, 0.397, 0.271, 0.233, 1, 0.263, 
0.397, 0.333, 0.267, 0.313, 0.134, 0.317, 0.198, 0.365, 0.166, 
0.289, 0.239, 0.208, 0.263, 1, 0.171, 0.305, 0.185, 0.393, 0.422, 
0.328, 0.438, 0.356, 0.563, 0.39, 0.309, 0.311, 0.397, 0.171, 
1, 0.395, 0.358, 0.539, 0.305, 0.655, 0.384, 0.628, 0.5, 0.465, 
0.407, 0.636, 0.333, 0.305, 0.395, 1, 0.258, 0.28, 0.3, 0.312, 
0.524, 0.324, 0.41, 0.386, 0.242, 0.227, 0.267, 0.185, 0.358, 
0.258, 1), .Dim = c(14L, 14L), .Dimnames = list(c("x1", "x2", 
"x3", "x4", "x5", "x6", "x7", "x8", "x9", "x10", "x11", "x12", 
"x13", "x14"), c("x1", "x2", "x3", "x4", "x5", "x6", "x7", "x8", 
"x9", "x10", "x11", "x12", "x13", "x14"))), `Schoenberger and Ponsford (2010)` = structure(c(1, 
0.516, 0.593, 0.541, 0.682, 0.55, 0.605, 0.584, 0.659, 0.42, 
0.533, 0.516, 0.667, 0.46, 0.516, 1, 0.503, 0.665, 0.606, 0.647, 
0.609, 0.599, 0.427, 0.521, 0.398, 0.744, 0.522, 0.539, 0.593, 
