Tenenbaum02 <-
structure(list(Authors = c("Atkinson (1983)", "Barak et al. (1991)", 
"Barry (1980)", "Bennett (1979)", "Blee & Tickamyer (1986)", 
"Bliss (1988)", "Bollman et al. (1988)", "Dambrot et al. (1984)", 
"Eccles et al. (1993)", "Ex & Janssens (1998)", "Fagot & Leinbach (1989)", 
"Fagot et al. (1992)", "Fulcher et al. (2001)", "Gendler (1985)", 
"Gendler (1985)", "Gutman & Eccles (1999)", "Hoffman & Kloska (1995)", 
"Katz (1980)", "Klein & Shulman (1981)", "McHale et al. (1999)", 
"Meyer (1980)", "Meyer (1980)", "Nelson & Keith (1990)", "Pellett & Ignico (1993)", 
"Perloff (1977)", "Perry & Morgan (1993)", "Quinones et al. (1999)", 
"Rainey & Borders (1997)", "Repetti (1984)", "Rodgon (1977)", 
"Rollins & White (1982)", "Rollins & White (1982)", "Rollins & White (1982)", 
"Sagara & Kang (1998)", "Sagara & Kang (1998)", "Schear (1975)", 
"M. D. Smith & Self (1980)", "A. E. Smith et al. (1999)", "Sokal & Seifert (2001)", 
"Spears (1987)", "Stephens & Day (1979)", "Thornton et al. (1983)", 
"Trautner (1996)", "Turner & Gervai (1995)", "Vogelson (1979)", 
"Weeks et al. (1984)", "Weinraub et al. (1984)", "Weisner & Wilson-Mitchell (1990)"
), N = c(334L, 99L, 96L, 105L, 730L, 24L, 181L, 43L, 494L, 165L, 
48L, 60L, 61L, 100L, 100L, 1372L, 289L, 175L, 71L, 200L, 64L, 
63L, 300L, 357L, 78L, 35L, 127L, 276L, 35L, 52L, 25L, 25L, 25L, 
214L, 220L, 52L, 74L, 1558L, 176L, 31L, 54L, 916L, 38L, 149L, 
68L, 46L, 71L, 132L), r = c(0.12, -0.08, -0.05, -0.08, 0.15, 
0.12, 0.17, 0.34, -0.01, 0.33, 0.4, 0.3, 0.07, -0.02, 0.19, 0.15, 
0.19, 0.02, 0.47, 0.19, 0.33, 0.06, 0.05, 0.24, 0.14, -0.02, 
0.28, 0.14, 0.27, 0.38, 0.52, 0.66, 0.36, 0.21, 0.19, 0.14, 0.36, 
0.09, 0.16, -0.07, 0.36, 0.36, 0.22, 0.04, 0.06, 0.41, 0.04, 
0.23), Publication_source = c(3L, 2L, 2L, 3L, 2L, 2L, 2L, 1L, 
1L, 2L, 1L, 1L, 4L, 3L, 3L, 1L, 2L, 4L, 2L, 1L, 1L, 1L, 2L, 2L, 
2L, 4L, 1L, 1L, 2L, 4L, 2L, 2L, 2L, 2L, 2L, 3L, 2L, 1L, 4L, 3L, 
2L, 2L, 4L, 1L, 3L, 2L, 1L, 1L), Author_gender = c("M", "W", 
"M", "M", "W", "W", "M", "W", "W", "W", "W", "W", "W", "W", "W", 
"W", "W", "W", "M", "W", "W", "W", "W", "W", "M", "W", "W", "W", 
"W", "W", "W", "W", "W", "W", "W", "W", "M", "W", "W", "W", "W", 
"M", "M", "W", "W", "M", "W", "M"), Parent_type = c("MF", "MF", 
"MF", "MF", "M", "MF", "MF", "M", "MF", "M", "MF", "M", "M", 
"MF", "MF", "MF", "MF", "MF", "MF", "MF", "M", "M", "MF", "MF", 
"MF", "MF", "MF", "M", "MF", "M", "M", "M", "M", "MF", "MF", 
"MF", "M", "MF", "MF", "MF", "F", "M", "MF", "MF", "MF", "M", 
"MF", "M"), Parent_predictor = c("S", "A", "A", "S", "A", "A", 
"A", "A", "A", "A", "S, A", "S, A", "S, A", "A", "A", "A", "A", 
"S, A", "S", "A", "A", "A", "A", "A", "A", "S, A", "A", "S", 
"S", "A", "A", "A", "A", "A", "A", "A", "A", "A", "S", "S, A", 
"S", "A", "A", "S", "A", "A", "S, A", "A"), Offspring_age = c(231L, 
72L, 48L, 51L, 330L, 60L, 156L, 228L, 96L, 228L, 27L, 30L, 63L, 
81L, 115L, 144L, 102L, 90L, 162L, 126L, 132L, 84L, 138L, 96L, 
132L, 65L, 264L, 156L, 78L, 108L, 144L, 144L, 144L, 132L, 132L, 
54L, 216L, 144L, 84L, 48L, 210L, 216L, 120L, 48L, 114L, 192L, 
31L, 72L), Offspring_type = c("DS", "DS", "DS", "DS", "D", "DS", 
"DS", "D", "DS", "D", "DS", "DS", "DS", "DS", "DS", "DS", "DS", 
"DS", "DS", "DS", "D", "D", "DS", "DS", "DS", "DS", "D", "D", 
"DS", "DS", "D", "D", "D", "DS", "DS", "DS", "D", "DS", "DS", 
"DS", "D", "DS", "DS", "DS", "S", "D", "DS", "DS"), Offspring_outcome = c("S", 
"W", "I", "S", "A, W", "A, S", "A", "A", "A", "A", "A", "A", 
"A", "W, A", "W, A", "A", "A", "A, I", "S", "A", "W, I, A", "I", 
"A", "A", "A", "A", "A", "S, W, A", "A", "A", "A", "A", "A", 
"A", "A", "I, A", "A", "S, A", "I", "A", "S", "A", "S, A", "A, I", 
"I, A, W", "A", "S, A", "A"), v = c(0.00290840526946108, 0.00997213090909091, 
0.0103646484375, 0.00940229485714286, 0.00130891267123288, 0.0404753066666667, 
0.00521013928176796, 0.0181898455813953, 0.00202388665991903, 
0.00481248006060606, 0.0147, 0.0138016666666667, 0.0162331804918033, 
0.0099920016, 0.0092910321, 0.000696433126822157, 0.00321489, 
0.0057097152, 0.00854925084507042, 0.00464551605, 0.01240717515625, 
0.0157589358730159, 0.0033166875, 0.00248772481792717, 0.0123228738461538, 
0.028548576, 0.00668776818897638, 0.00348255130434783, 0.0245575545714286, 
0.0140779107692308, 0.0212926464, 0.0127418944, 0.0303038464, 
0.00426983556074766, 0.00422319640909091, 0.0184843107692308, 
0.0102377859459459, 0.000631492689345315, 0.00539463272727273, 
0.03194271, 0.0140295585185185, 0.000827070043668122, 0.0238300673684211, 
0.00668995006711409, 0.0146001905882353, 0.0150447306521739, 
0.0140394726760563, 0.0067954425), Year_pub = c(1983, 1991, 1980, 
1979, 1986, 1988, 1988, 1984, 1993, 1998, 1989, 1992, 2001, 1985, 
1985, 1999, 1995, 1980, 1981, 1999, 1980, 1980, 1990, 1993, 1977, 
1993, 1999, 1997, 1984, 1977, 1982, 1982, 1982, 1998, 1998, 1975, 
1980, 1999, 2001, 1987, 1979, 1983, 1996, 1995, 1979, 1984, 1984, 
1990)), row.names = c(NA, -48L), class = "data.frame")
