Stadler15 <-
structure(list(ID = 1:60, Authors = c("Abele et al. (2012)", 
"Beckman & Guthke (1995)", "Buhner et al. (2008)", "Burkolter et al. (2009)", 
"Burkolter et al. (2010)", "Burmeister (2009)", "Danner (2011)", 
"Dorner et al. (1983)", "Dorner et al. (1983)", "Gediga et al. (1984)", 
"Gonzales et al. (2005)", "Gonzales et al. (2005)", "Gonzales et al. (2005)", 
"Greiff & Fischer (2013)", "Greiff et al. (2015)", "Greiff et al. (2015)", 
"Guss & Dorner (2011)", "Hasselmann (1993)", "Hesse (1982)", 
"Hesse (1982)", "Hesse (1982)", "Hesse (1982)", "Hormann & Thomas (1989)", 
"Hormann & Thomas (1989)", "Hussy (1985)", "Hussy (1985)", "Hussy (1985)", 
"Hussy (1985)", "Hussy (1989)", "Kersting (2001)", "Klieme et al. (2001)", 
"Kluge et al. (2011)", "Kretzschmar (2010)", "Kretzschmar et al. (Unpublished)", 
"Kroner (2001)", "Kroner et al. (2005)", "Leutner et al. (2004)", 
"Leutner et al. (2005)", "Leutner (2002)", "Leutner (2002)", 
"Neubert et al. (2014)", "Putz-Osterloh (1985)", "Rigas et al. (2002)", 
"Scherer & Tiemann a (2014)", "Scherer & Tiemann b (2014)", "Sonnleitner et al. (2012)", 
"Stadler et al. (In press)", "Stadler et al. (Unpublished)", 
"Stadler et al. (Unpublished)", "Sub et al. (1991)", "Sub et al. (1993)", 
"Wagener & Wittmann (2002)", "Wagener (2001)", "Wagener (2001)", 
"Wagener (2001)", "Wagener (2001)", "Wirth & Funke (2005)", "Wittmann et al. (1996)", 
"Wustenberg et al. (2012)", "Wustenberg et al. (2014)"), Year = structure(c(18L, 
8L, 14L, 15L, 16L, 15L, 17L, 2L, 2L, 3L, 13L, 13L, 13L, 19L, 
21L, 21L, 17L, 7L, 1L, 1L, 1L, 1L, 5L, 5L, 4L, 4L, 4L, 4L, 5L, 
10L, 10L, 17L, 16L, 23L, 10L, 13L, 12L, 13L, 11L, 11L, 20L, 4L, 
11L, 20L, 20L, 18L, 22L, 23L, 23L, 6L, 7L, 11L, 10L, 10L, 10L, 
10L, 13L, 9L, 18L, 20L), .Label = c("1982", "1983", "1984", "1985", 
"1989", "1991", "1993", "1995", "1996", "2001", "2002", "2004", 
"2005", "2008", "2009", "2010", "2011", "2012", "2013", "2014", 
"2015", "In press", "Unpublished"), class = "factor"), N = c(167L, 
92L, 144L, 41L, 39L, 44L, 173L, 48L, 48L, 29L, 15L, 28L, 74L, 
140L, 339L, 339L, 511L, 21L, 30L, 30L, 30L, 30L, 19L, 21L, 15L, 
15L, 15L, 15L, 154L, 99L, 650L, 38L, 118L, 197L, 28L, 101L, 535L, 
654L, 200L, 28L, 576L, 50L, 62L, 805L, 1487L, 61L, 78L, 161L, 
254L, 127L, 214L, 35L, 63L, 71L, 136L, 51L, 688L, 92L, 222L, 
3191L), CPSMeasure = structure(c(2L, 1L, 3L, 1L, 1L, 1L, 3L, 
1L, 1L, 1L, 1L, 1L, 1L, 2L, 1L, 2L, 1L, 1L, 1L, 1L, 1L, 1L, 1L, 
1L, 1L, 1L, 1L, 1L, 1L, 1L, 1L, 1L, 3L, 2L, 3L, 3L, 2L, 1L, 1L, 
1L, 2L, 1L, 1L, 3L, 3L, 2L, 3L, 2L, 2L, 1L, 1L, 3L, 3L, 3L, 3L, 
3L, 3L, 1L, 2L, 2L), .Label = c("Classical", "MCS", "SCS"), class = "factor"), 
    IntelligenceMeasure = structure(c(2L, 1L, 2L, 1L, 1L, 1L, 
    2L, 2L, 2L, 1L, 2L, 2L, 2L, 2L, 2L, 2L, 1L, 1L, 2L, 2L, 2L, 
    2L, 1L, 1L, 2L, 2L, 2L, 2L, 1L, 1L, 2L, 1L, 1L, 1L, 2L, 2L, 
    1L, 2L, 2L, 2L, 2L, 1L, 2L, 2L, 2L, 2L, 1L, 2L, 2L, 2L, 2L, 
    2L, 2L, 1L, 1L, 1L, 2L, 1L, 2L, 2L), .Label = c("General intelligence", 
    "Reasoning"), class = "factor"), r = c(0.4, 0.15, 0.16, 0.75, 
    0.22, 0.47, 0.86, -0.03, 0.12, 0.09, 0.71, 0.63, 0.33, 0.5, 
    0.24, 0.52, 0.19, 0.26, -0.17, 0.06, 0.38, 0.46, 0.46, -0.03, 
    -0.3, 0.25, 0.35, 0.5, 0.38, 0.26, 0.58, 0.13, 0.3, 0.34, 
    0.51, 0.67, 0.63, 0.84, 0.43, 0.05, 0.62, 0.36, 0.33, 0.55, 
    0.58, 0.3, 0.2, 0.83, 0.74, 0.47, 0.4, 0.63, 0.31, 0.2, 0.47, 
    0.24, 0.46, 0.57, 0.59, 0.66), v = c(0.00425060240963855, 
    0.0105000686813187, 0.00663954797202797, 0.00478515625, 0.0238300673684211, 
    0.0141162048837209, 0.000394233488372093, 0.021238315106383, 
    0.0206682417021277, 0.0351380575, 0.0175654864285714, 0.013471467037037, 
    0.0108775234246575, 0.00404676258992806, 0.00262756733727811, 
    0.0015748998816568, 0.001821771, 0.043468488, 0.0325184555172414, 
    0.0342349296551724, 0.0252431503448276, 0.0214336055172414, 
    0.03453192, 0.0499100405, 0.05915, 0.0627790178571429, 0.0550004464285714, 
    0.0401785714285714, 0.00478464941176471, 0.00887112, 0.00067852844375963, 
    0.0261212327027027, 0.00707777777777778, 0.0039906293877551, 
    0.0202760003703704, 0.0030371121, 0.0006811415917603, 0.000132727963246554, 
    0.0033386332160804, 0.0368520833333333, 0.000659066713043478, 
    0.015461146122449, 0.0130173640983607, 0.000605107276119403, 
    0.000296342503364738, 0.0138016666666667, 0.0119688311688312, 
    0.0006048950625, 0.00080895557312253, 0.004817435, 0.00331267605633803, 
    0.0106979297058824, 0.0131779872580645, 0.0131657142857143, 
    0.00449627266666667, 0.0177623552, 0.000904766462882096, 
    0.00500835175824176, 0.00192295751131222, 9.98581065830721e-05
    )), row.names = c(NA, -60L), class = "data.frame")
